3.360215
4.203374
3.769504
3.952485
4.385229
4.208439
5.406135
6.993314
2.686097
3.083606
4.245385
2.694285
3.559868
3.251545
2.975383
3.598202
4.095337
2.422757
4.601149
4.589851
4.287984
2.718572
4.831430
5.214181
4.286983
3.421098
3.112269
4.848974
3.252464
3.165331
4.645209
6.098763
4.548623
3.475958
4.467442
2.617045
3.214988
4.469023
5.997332
4.298876
5.463275
3.197290
3.416667
3.551145
3.201245
2.961700
6.179482
3.856776
4.937644
3.956751
5.517834
5.652852
2.680070
2.826387
3.220194
3.495682
3.166290
4.863803
5.120252
5.283770
5.305190
4.653375
2.934531
3.015228
5.677168
3.396283
5.659160
3.618851
2.534596
3.632340
4.214877
4.996736
2.471319
3.042641
2.574832
5.089544
3.932584
4.348415
4.686936
5.404325
6.509589
4.176233
4.209985
3.643736
2.127397
3.159743
5.323711
2.724015
7.846903
4.162663
3.147129
3.721392
3.804763
5.218641
3.632205
3.663586
3.267756
3.369316
9.006723
6.566702
5.928443
2.991997
4.670269
1.834585
4.112061
5.652050
2.166522
2.257597
4.389030
5.244382
3.914692
3.312693
2.851791
2.915566
2.622887
5.471243
4.391117
4.238025
4.624947
5.321268
3.809072
3.126242
4.491453
3.342028
2.952030
3.900340
2.471768
3.832020
5.293473
3.595733
6.009621
8.626113
2.757772
2.928837
3.967616
3.600195
3.266604
4.547555
4.819642
3.184140
3.294019
4.106329
2.307570
3.985466
4.584237
4.198283
3.364034
2.638527
3.335959
3.076755
3.847878
3.808918
1.648843
2.885679
3.120357
3.692559
2.502908
3.786608
2.592127
3.455798
2.220208
5.327423
3.951342
4.178598
2.872237
3.425635
2.714174
3.474024
3.466400
4.588605
4.960909
4.227512
4.547611
4.164563
3.198973
2.777953
3.760811
3.942933
3.209296
5.453243
2.746728
5.231708
3.482599
1.892904
3.942234
2.256863
2.981297
2.907793
2.740686
3.824464
2.578980
1.880914
2.207635
3.922150
3.002291
2.514719
2.808671
2.884560
4.782674
3.838614
2.331771
2.652012
3.947493
3.667354
4.655689
3.340928
2.996053
5.637904
8.493247
4.129790
6.427172
3.794430
3.643612
4.499723
3.235274
5.090556
5.799749
2.715453
5.201658
4.550992
4.076257
2.916476
2.463402
3.533790
5.505497
3.728460
3.498170
2.281231
3.883967
4.488134
3.653405
9.180099
3.351737
5.241228
4.809125
4.344302
3.160978
4.700729
5.367887
4.533324
4.068239
3.331215
4.167834
2.077077
3.756377
6.296603
3.252528
3.091649
3.669969
4.135411
3.942935
2.895178
2.057999
4.167645
2.172037
3.242032
4.935315
3.999587
3.619285
3.154102
4.034373
2.509408
7.004712
4.093283
3.156157
4.653689
4.057877
4.925576
4.382184
4.077422
4.415675
4.631434
3.658736
3.856877
2.003819
4.242616
4.863985
6.444972
3.558476
2.955101
2.866714
5.039911
4.752824
4.943394
4.983271
4.056526
4.728983
4.142300
2.823113
4.935770
5.821492
2.748966
3.892957
4.201637
3.493069
2.360250
4.477189
5.253008
4.234068
3.147053
2.572998
2.699219
3.424308
3.343166
2.057240
4.621031
5.185668
3.607084
3.360260
4.063277
5.639818
2.361611
6.072566
3.719825
7.055898
6.338542
4.246708
5.338214
3.533892
4.270317
3.206845
1.964716
5.024901
6.011779
4.440299
5.034706
4.344800
6.195187
3.567097
3.826073
3.626944
3.408268
5.415398
5.170255
3.259425
3.590242
2.716525
2.886500
4.392098
4.890331
5.250423
5.672740
3.552258
3.588264
2.298956
4.873899
5.319233
2.724431
3.146875
4.300967
3.462401
5.697187
4.686719
2.401753
4.724928
3.508010
2.283710
2.272017
2.944733
3.368721
3.823603
3.070544
2.143780
4.262080
3.941661
3.913956
3.329972
5.919637
3.905535
3.165246
2.679823
3.496876
3.321003
2.627417
5.113769
3.190060
3.134396
3.547800
3.290558
2.670357
3.793209
3.854566
3.173865
3.475582
3.565056
4.910087
3.618904
1.962641
5.631313
6.221903
3.666975
5.514306
5.744306
4.214877
3.683131
3.601483
5.070400
5.486390
6.066712
4.658600
3.308671
5.009023
5.784150
4.953119
3.478511
5.601019
4.269602
3.387038
5.767205
3.752589
3.602576
2.968655
5.904741
3.974591
3.872498
3.592071
6.025406
3.623748
4.887870
8.500900
4.803749
2.582514
5.314766
4.527700
2.581257
2.335449
2.428744
4.673732
3.330451
4.710450
3.236135
4.319977
6.915362
2.661008
2.221102
2.458804
2.918716
5.140957
3.649292
2.080291
3.238896
2.430882
2.608261
4.283603
3.350514
4.157462
2.977172
2.747510
3.456407
5.569618
6.628436
3.315316
5.155467
4.081562
3.602310
7.892588
3.333556
2.095808
3.011823
3.366232
4.657994
5.662886
5.216777
5.693913
5.108557
4.289432
1.916164
3.320864
2.451072
4.379827
2.994588
3.344287
3.382189
4.551080
3.638652
4.403999
3.882496
5.921790
7.279635
4.219921
5.095393
4.453233
5.245885
3.835793
6.072273
4.302284
2.757259
4.005169
4.499296
3.599909
3.384324
3.939826
3.029207
4.805122
8.192910
3.211508
2.935789
4.386814
5.327891
4.616375
3.492618
2.809269
3.524265
4.390715
3.287067
4.768890
4.503009
3.524257
2.940315
2.235070
3.168502
3.960104
3.877518
4.098363
4.684059
3.352108
2.067199
3.137093
1.939623
5.775407
5.108211
2.091963
2.994867
4.761560
2.307762
2.895734
4.014825
4.147357
2.911093
1.232026
4.224510
3.318386
5.451447
3.343118
4.934417
3.840282
2.461461
4.155584
4.383707
4.072355
3.088958
3.571206
2.148951
3.916518
4.641781
8.435675
3.565961
6.416420
3.357988
3.278302
4.261336
3.791297
4.782769
2.935808
5.919909
6.914855
4.109538
3.701483
3.834158
3.138953
9.229370
2.750555
2.719975
2.181046
4.036261
3.861764
3.443821
4.840151
2.810807
2.786868
4.830719
2.732183
5.284901
3.102959
3.333688
3.441497
2.825636
4.229463
2.957410
3.298850
4.716019
4.546355
3.859795
3.908429
3.329111
4.332834
4.001182
4.129259
3.423377
2.062899
2.265257
3.252910
4.192530
4.403636
5.251144
3.912921
5.209934
3.119189
3.439390
3.570083
2.774659
4.419079
4.343135
2.672406
2.199439
5.023710
2.920914
2.755100
3.086886
5.122285
2.617179
4.434036
2.582921
3.366737
3.332793
3.161904
6.128128
5.004000
2.619439
3.681223
4.947302
4.518234
6.403095
3.600963
3.038295
2.407496
3.781737
5.939362
3.468347
2.492600
3.838320
3.188610
4.566303
4.644360
4.936005
3.211239
4.874175
2.404415
3.516795
3.816499
3.315131
4.391055
2.419188
3.618910
2.492161
3.415354
3.180936
6.354908
1.902456
3.393584
4.525738
3.219101
4.324456
4.961893
5.583374
4.746905
3.949978
3.059453
3.899697
3.235904
5.055256
3.167732
6.903779
2.030912
4.268301
2.989048
2.898245
3.600052
4.586058
3.291212
4.554151
5.431017
3.207966
2.530385
2.891275
4.615279
3.500626
4.557114
2.539733
3.877062
2.447403
4.195643
3.652501
3.356792
2.987507
2.085632
4.820251
11.087276
2.460928
4.009398
5.383622
4.528343
4.014420
3.555358
4.552833
2.968047
1.687150
5.406035
2.814232
1.740381
2.423284
5.783678
3.764354
4.361723
4.123020
3.342091
2.920457
3.569735
1.802442
3.122546
2.951777
3.243912
5.175800
3.428995
4.472322
2.468007
2.079337
2.908880
2.928636
2.884859
3.393216
4.377151
3.284393
3.607217
4.052207
3.895922
3.130473
4.181362
3.135964
5.129581
5.004061
4.002100
5.011089
3.602231
4.312133
4.425471
4.022692
4.091687
3.435222
3.268989
5.250918
3.260312
2.853005
4.535530
3.299693
3.788696
4.896507
5.172127
4.749842
4.568070
4.977682
2.661795
4.309563
2.012440
5.433829
5.374775
5.266483
4.778898
2.901234
5.495443
3.268191
2.992321
4.426121
3.573760
4.118325
3.476372
3.951288
3.410728
6.553675
2.868441
3.936094
3.470614
1.777531
4.583532
2.094675
2.788869
4.362078
3.084837
3.410500
2.752151
2.904739
5.667402
3.341465
2.205144
4.962636
3.723996
3.895619
4.209501
1.801508
3.547785
3.635109
1.739841
3.003323
3.027749
2.031296
3.883874
3.537192
4.417246
3.472825
5.062915
3.068405
1.546910
3.807332
2.543131
7.039263
3.285071
4.708220
2.928551
5.528635
3.161579
2.905253
5.200694
2.130874
5.463179
2.910461
3.960533
4.267335
2.003777
2.217556
2.424866
3.314994
5.156879
4.569518
3.975166
2.661704
3.806478
4.353955
6.341073
5.144041
5.128147
3.938759
4.943063
2.045478
2.870733
8.703603
3.271104
4.343849
3.210708
3.270178
4.506979
7.239141
2.939382
3.187352
3.332623
8.033688
2.816016
3.671102
4.262208
3.662038
3.742263
4.231638
3.390649
2.651896
9.695959
2.403227
2.441346
3.651629
4.405110
3.051979
4.218303
5.252332
5.177555
3.546796
3.229138
2.475055
3.685530
3.943323
4.637267
5.024220
4.215385
4.392872
3.415845
4.394762
6.280726
2.301069
4.016355
4.274547
4.147511
4.326363
3.554796
4.507108
3.170556
3.242665
3.195984
4.247912
3.403875
2.394319
4.181747
4.489091
2.167552
6.236805
4.954196
3.501635
5.222664
2.183641
8.274254
2.290525
2.316683
6.258629
4.434503
3.554641
2.814633
3.017201
3.084224
5.859931
3.100631
4.292745
1.722788
3.042083
5.335961
3.377285
2.420536
3.347798
4.654818
3.269658
3.336001
2.457996
3.799717
7.260845
3.224571
3.037564
3.184745
5.779898
2.252005
5.491638
3.093318
3.281496
6.739055
6.007815
6.160331
3.405817
3.831402
3.186319
4.933870
3.518618
3.084269
4.905142
4.580461
4.345839
2.158163
4.259458
3.945941
3.388655
3.554204
3.175567
2.656363
4.200552
4.631969
4.627975
3.491878
3.206652
2.115241
4.402587
5.314619
4.155138
4.562181
5.132005
3.434870
4.006961
3.743288
4.178234
2.977148
1.970574
4.333674
2.954501
6.913214
6.899631
4.138764
4.373575
6.920306
4.441105
4.033601
3.618817
2.758144
2.420228
5.096410
2.596437
4.801776
3.957646
1.755535
3.554447
2.857109
3.184704
3.737884
2.352253
3.791352
3.345712
3.958599
3.900220
2.739172
4.214308
4.204520
3.978220
4.385036
3.804117
3.548357
5.122970
3.006629
2.855299
4.502017
3.092089
4.028808
3.528347
5.455103
3.987949
4.709446
4.694840
3.622524
3.448969
4.294529
7.199947
5.192061
4.238059
3.896257
3.265353
4.024825
2.918520
2.283646
2.566535
4.674555
4.531833
3.585912
4.536489
4.952507
3.960622
5.992938
6.490169
7.272218
3.517111
2.876435
4.484541
5.343534
4.209007
5.819800
4.727596
3.151948
4.144613
5.411901
7.116610
3.518278
2.767104
4.528466
2.912838
3.583545
2.416943
4.795457
4.951353
3.342087
3.658712
4.071571
3.525347
5.621789
3.321424
2.353617
3.002730
4.287032
3.088402
3.451715
5.598092
10.801034
3.885388
3.448632
2.708024
3.691281
3.193594
3.828075
5.742661
2.357437
2.382711
3.773789
3.443234
5.455287
7.363562
3.506810
6.221437
2.568757
4.142028
4.427262
5.780299
5.836523
2.097541
3.525510
3.485013
4.126707
6.391620
4.861925
2.396156
3.978931
5.100862
5.302397
4.773086
4.762123
3.739723
2.957458
2.430041
4.480914
3.692741
3.146178
2.250735
3.343688
7.647727
3.445665
2.487949
3.916315
5.049742
3.898833
2.193102
4.540283
3.493880
2.805210
2.862873
3.809150
2.757862
7.221112
4.073897
3.937722
3.805028
4.343724
2.402931
2.408483
2.999476
5.185380
6.958288
1.846587
4.293421
3.232587
2.564246
4.904725
2.764376
3.522106
4.257707
4.705096
3.595978
7.615815
3.238266
1.819892
7.113510
4.982607
3.359627
7.114693
2.953728
3.716477
10.600987
4.443684
2.684641
3.670637
3.551893
6.503574
3.393760
2.820629
2.228245
5.080402
3.821369
3.713427
2.965629
2.498415
5.290099
3.330937
4.460562
4.096101
2.153836
3.985700
3.546826
3.872524
4.808131
4.081821
4.156631
3.451003
3.360307
7.047916
2.591063
3.245713
2.978046
3.432237
5.326247
2.893055
4.173012
4.479911
4.731856
3.130895
4.135142
4.621748
4.958245
4.731494
1.560877
2.761654
6.523577
2.697075
2.927739
5.097253
3.460094
3.291457
5.678991
6.883761
3.878035
5.227757
4.022456
5.901317
3.477269
4.860425
3.151078
3.206638
4.814070
2.646706
2.947095
4.072687
8.350824
3.481529
3.815753
3.933845
3.200949
2.538748
2.459159
3.102401
3.570979
2.237649
4.256782
4.015879
3.685673
3.937154
3.872898
2.901559
3.182595
3.342373
2.020088
3.852407
2.328371
3.907859
3.418157
4.682887
3.419555
4.994454
3.511441
4.770988
3.352582
3.195243
2.833611
3.119116
2.519390
5.546987
4.186802
4.678281
4.928877
3.179188
4.576872
3.554514
2.642166
3.640856
4.783381
4.832934
4.050930
4.858851
2.424376
2.903662
4.418756
5.839644
4.956277
3.187139
2.965992
2.508213
4.392846
3.860924
3.051050
5.961574
3.167285
5.138642
1.526849
3.154351
3.809650
3.654241
4.408572
3.258441
3.982861
2.777297
2.424367
2.750940
3.892194
3.353227
3.478206
2.149125
4.760396
3.917410
4.811624
4.339513
5.473262
3.834494
3.071526
3.469473
3.934092
1.420038
5.226057
4.061376
3.425996
5.597383
4.690858
5.608587
5.255929
5.372756
6.517626
2.398551
5.369691
2.707979
3.544355
3.779610
4.501639
3.522230
4.304944
3.023628
2.959386
4.158628
2.559530
2.960527
4.439862
3.592819
4.589152
2.174055
2.803969
2.907660
4.195201
3.685292
12.345669
5.477118
6.318244
2.197412
3.569056
10.524874
3.588976
4.691646
4.138494
1.755916
3.727193
11.052690
5.382165
2.737977
6.048720
3.058759
3.216600
3.215432
2.227517
4.239471
4.714674
3.188527
3.249867
4.103236
5.415286
3.342547
5.488399
2.171023
3.293684
2.746561
4.202806
3.976843
3.604814
3.531186
4.855989
5.621319
2.195790
3.385631
3.477307
3.202269
5.834841
2.979895
4.043693
3.718970
2.648618
3.881623
3.580662
5.437212
4.484777
2.527175
2.723770
5.318397
4.383667
4.378398
3.970155
3.737681
3.046718
5.777317
4.573790
3.203692
4.728199
9.094760
5.007549
3.323783
2.017972
3.902933
3.689843
5.955324
4.536749
4.183750
3.829363
3.117450
5.527925
5.352873
2.651972
1.735990
4.569195
3.525222
3.181164
3.478534
3.882067
3.712293
3.827580
6.673234
3.502050
4.449126
2.917532
5.136486
3.672870
6.364657
4.884569
3.675388
2.220324
5.079466
4.026067
3.796788
3.507595
5.243054
3.067893
3.371947
5.881297
3.662630
4.546911
2.425809
2.533167
5.252335
2.047178
2.875128
4.204282
3.089873
2.877729
2.468796
3.890984
5.094426
3.749120
4.369291
3.264738
3.835734
4.992438
10.913943
3.400126
3.352360
2.517269
3.761117
3.276162
4.639081
3.296671
4.823548
5.081933
5.836351
3.055912
2.556339
4.126141
2.709862
3.868104
4.088849
3.206200
4.470840
3.979397
4.774372
2.579131
3.182011
4.230677
4.428973
3.990935
4.393944
4.367710
3.870401
2.326547
2.518794
7.721975
4.672481
2.873878
2.557493
6.043597
3.702079
3.243094
3.786686
9.149849
5.082420
3.290892
2.493047
3.270244
3.316025
4.374377
2.701222
3.943574
2.871029
2.819783
9.289124
2.175227
3.409503
3.490529
2.971700
4.471557
3.921897
5.328219
3.283026
3.589595
3.123272
3.715553
4.293672
3.461609
3.549746
4.643542
4.705572
3.105292
6.058331
9.754647
3.054254
2.794843
3.630543
2.382179
4.456823
3.597465
6.811194
4.235436
3.351259
3.738467
2.450932
4.732671
3.223948
7.172332
3.921760
3.312576
3.743448
3.555880
4.078984
7.521974
2.655930
7.528273
3.812170
4.308338
10.136031
3.122840
5.927724
4.445159
4.132232
3.236271
3.232024
6.267094
1.968143
2.149038
3.667357
3.851278
3.897184
5.324872
3.758867
5.409944
3.044028
3.705926
5.318058
4.497778
4.050949
3.477664
2.822419
3.455700
3.083053
2.427427
3.725268
5.432427
4.750723
2.538532
3.400852
2.951732
3.417137
3.044050
4.078782
3.308440
4.862109
2.286675
3.424474
6.302638
2.469668
5.142545
4.968413
4.459259
4.523616
6.945130
3.780085
3.879598
3.471734
2.120535
3.541520
4.019155
2.309335
3.392519
3.089988
5.308863
4.553413
3.327526
5.289430
3.575344
2.802217
2.761760
5.491614
3.888962
4.517447
4.506240
6.258390
4.300115
5.337174
2.694959
2.375492
3.908770
3.180233
4.888177
4.176131
6.628247
4.044387
2.755871
5.931360
2.085296
5.792365
2.894077
11.468294
4.323254
2.554103
3.977727
4.108320
2.845070
3.506819
2.831377
4.596405
2.130725
3.398443
2.899194
5.994846
5.725644
3.205386
3.203951
9.765566
2.114507
2.770464
4.017417
4.466524
4.551956
4.114737
4.024714
3.373625
2.491894
5.169706
2.042631
3.519279
3.272000
3.724790
3.473082
5.631300
5.738986
6.050187
4.507324
4.074297
3.302301
5.930037
5.828377
2.433464
2.176635
3.462131
3.296829
5.590226
4.953687
4.351317
2.797072
2.630753
6.480169
6.016490
1.696526
6.610451
4.317916
3.174570
3.015747
4.346593
4.759926
3.924802
4.279357
4.928106
4.233052
3.872329
2.671259
4.275147
3.443579
6.041869
5.470304
3.759214
1.688024
5.048367
3.696196
3.396842
4.031207
4.642363
3.073878
3.031512
2.538705
4.191493
4.410720
2.047017
3.176330
2.683205
3.493011
5.361657
5.316799
3.620291
4.033050
2.804996
3.704585
3.553260
2.667580
5.346305
4.443485
4.086058
4.325982
2.783601
4.216703
3.051937
2.989902
4.306867
3.708917
5.075230
4.464727
4.753991
4.921736
3.011162
2.901899
4.881295
2.888899
3.409248
3.989149
2.964587
5.996634
3.123051
2.764564
13.340943
3.615520
3.339782
2.861695
1.409496
2.224894
3.997475
5.151416
2.390262
2.913047
6.113048
4.276996
5.846803
4.823412
3.492556
4.568690
4.907843
5.571592
4.533199
2.400041
3.500381
4.136334
3.853741
6.378561
2.427582
6.573075
1.996781
2.635973
4.086985
4.532140
3.358386
3.496359
9.485465
4.022022
4.231001
5.875141
3.172208
3.307450
4.526488
2.804444
3.281184
3.575845
4.155915
3.615198
4.542707
4.991688
4.840774
4.551714
2.810236
3.975196
2.167528
2.888718
3.309265
2.463797
3.962777
5.916136
3.730323
5.791621
3.151520
5.454669
2.022761
7.416845
3.385195
4.537336
2.390756
4.413664
9.747547
3.449135
3.371025
5.287883
3.821835
6.701961
3.770177
3.103725
3.270108
3.337830
2.333463
2.400928
2.663175
2.570588
5.387541
3.253290
5.252087
3.938955
3.699058
4.846550
3.190738
5.141654
4.727727
3.049481
3.609608
3.704076
3.943129
2.033574
4.377497
3.975154
2.859395
2.682407
3.099350
3.420509
4.080160
2.021465
2.885897
3.036548
9.524081
4.590765
5.007623
6.040352
5.541048
3.566512
3.755296
5.055388
3.663252
4.126504
3.977691
4.473599
4.860132
2.198856
5.454531
3.637393
4.235275
5.542047
2.948203
3.634053
2.561927
4.847002
3.817903
5.038921
2.145307
6.115070
3.021838
2.651180
3.350177
4.199136
3.970798
3.900529
2.801415
4.481283
5.891154
1.661711
6.441459
2.471951
2.815410
5.249341
2.662589
2.048250
3.786549
3.020897
4.455707
4.623716
3.328311
3.751665
3.852160
3.272994
4.099376
3.527391
4.294142
2.861335
3.361773
4.228390
3.250050
3.743223
4.329342
4.279217
3.798662
4.100756
2.320048
3.445193
5.308538
2.025746
5.921021
3.237183
2.529467
3.049782
4.980497
4.090380
2.158418
2.429576
4.248649
2.907452
4.152768
3.102567
4.724167
3.453023
5.588426
4.074883
5.365725
4.048093
3.543542
4.120904
6.657053
1.565460
4.539724
5.011630
3.522943
5.101692
9.388231
8.825459
4.540303
3.091315
5.027076
2.988158
2.960158
2.571934
3.942486
3.428801
4.308360
3.467504
5.961432
4.846410
3.646263
3.473230
5.438902
2.896524
3.502501
3.105924
3.029299
2.783960
2.281872
4.959134
6.404497
2.219180
2.040441
9.313012
3.455748
4.078528
3.005637
2.933886
2.359279
3.560630
4.359588
2.256558
4.558784
2.942665
3.113294
4.571864
2.951318
4.001893
3.044596
4.426628
3.611790
5.213987
2.720818
3.104221
3.150372
5.135053
4.225719
4.794978
3.790847
3.501317
2.837814
4.837535
4.049435
3.186247
4.389539
5.408819
2.077949
5.186010
3.175495
6.703464
6.602215
5.133381
4.513453
5.295393
5.267808
4.297956
3.728376
4.815274
7.580201
4.545379
6.493505
4.609384
3.089851
7.863039
5.179787
12.402196
3.264082
5.805019
3.763104
6.716803
4.757274
3.443138
5.022832
4.299366
2.010865
3.310245
2.893492
4.148617
4.732124
4.545303
4.162441
5.647253
5.061715
4.507266
2.905745
2.809130
2.616628
3.726351
4.847285
3.313917
4.597258
3.732747
4.880852
5.291559
4.530736
5.190775
4.264482
4.005282
3.917744
3.651891
5.272764
10.646600
4.989106
3.431749
2.765519
3.298885
3.909526
4.280779
2.992003
1.740963
6.344128
3.936619
2.332284
3.010803
2.576549
3.870210
4.087488
3.621661
3.337211
4.354499
8.284431
2.378310
3.863456
3.385484
4.256106
7.155549
2.654199
2.352956
2.675463
3.282412
3.017673
4.872646
3.069561
2.885409
4.644516
3.153409
4.669071
3.322805
2.234818
4.629211
4.247563
3.638758
5.067266
2.874686
6.075360
9.252865
4.985708
5.617195
4.711934
4.561172
2.479150
3.977791
4.679192
4.231166
3.888219
5.042555
3.733762
4.816523
1.901439
4.104018
4.645849
7.867324
1.956838
2.554483
3.022208
2.440344
3.157352
3.300623
4.032037
4.756485
3.084070
5.484538
4.664446
3.555104
3.084698
3.927461
10.620605
1.567481
3.047101
3.289697
2.244967
4.688730
2.566366
5.836274
4.414896
2.586011
3.338196
3.225691
2.239819
5.058808
3.507922
2.150992
3.859959
3.123597
7.640476
3.572031
2.086562
2.897349
1.634770
3.743752
4.306212
3.544161
4.713097
2.308486
4.464479
2.827310
3.043986
4.631204
3.993217
2.528986
3.166627
3.117866
3.192150
3.299006
6.003892
4.106455
4.639929
4.598375
1.743851
2.971270
5.744303
2.498063
2.818142
3.806146
1.895288
4.064927
5.330219
3.148498
4.941812
3.512595
2.626092
3.529462
4.421208
3.698050
2.734667
3.692737
2.444975
3.429138
5.023226
2.881602
2.703844
4.055037
3.097178
2.928976
2.488350
4.029945
2.757634
4.692724
3.303755
3.555417
3.481204
2.875008
3.424082
3.281324
3.259443
4.174163
4.211650
3.797367
5.442985
4.068334
2.337107
5.228352
3.875526
3.605641
2.688988
5.165762
2.919804
3.599409
3.546585
4.358807
4.720217
2.678192
3.488235
2.993177
3.927655
2.329271
4.762125
4.729375
4.355796
3.227936
4.145257
4.082335
6.115593
4.079469
5.451180
4.157792
6.001046
3.493691
4.192097
5.026112
2.924515
4.374479
3.575864
2.114359
1.671131
5.132185
2.959181
2.063279
4.288801
4.544104
2.983196
3.715388
3.282982
4.171798
3.624857
1.810134
2.917199
2.531787
2.963598
5.402719
2.832401
4.155372
2.540661
3.596495
4.004717
2.468035
4.451049
4.180194
4.612050
3.915228
3.505925
3.465690
3.895356
1.504742
4.106359
3.582705
3.360587
5.727466
2.947831
3.254384
4.370312
2.686272
2.940577
3.411150
3.481934
2.354786
2.544835
3.723139
3.152203
3.860721
3.168663
4.615277
10.375316
3.779139
4.238675
3.235932
5.673353
4.745418
3.723449
1.800965
4.189846
5.286225
5.139507
3.539188
3.750703
5.963823
4.300810
4.882646
2.817146
4.122891
5.635969
3.252959
5.893907
7.912674
3.514101
3.927499
3.981645
3.534130
2.454037
3.234200
3.796822
3.275744
4.145791
4.691109
6.308875
3.783814
4.108579
4.008123
3.844528
4.910942
3.078746
11.193272
5.300641
2.928257
4.570516
3.493624
9.458800
4.104147
2.527780
3.434995
3.401261
3.018091
2.786320
4.951624
3.831685
3.658589
4.896966
2.395159
2.963975
3.253223
7.333240
4.579133
3.232433
2.457834
5.845829
3.028485
3.103933
4.315374
3.236499
4.977187
2.657274
4.671148
4.285772
3.364566
5.989995
2.405113
3.463295
5.119426
2.913820
4.228183
3.970773
4.464691
2.601381
3.065547
3.953582
1.971167
2.623141
5.445117
4.508535
4.094910
3.404594
4.292377
2.917215
4.966894
3.034311
2.312517
3.543559
9.873384
2.930248
2.225022
3.786061
3.877358
4.487652
3.435928
5.629888
2.408391
5.194565
3.190873
4.187107
3.963697
3.862998
5.738682
5.376667
3.826527
4.057871
3.869683
8.475977
3.442589
3.167664
3.780082
3.470409
2.923616
2.438803
3.468017
2.919258
3.061972
5.170998
3.078582
2.822546
2.715679
3.797293
5.818102
3.801273
3.268592
4.440699
3.020615
6.587822
3.267525
5.139380
2.380787
2.354208
2.607105
4.975434
4.845880
3.854370
3.946649
2.746307
4.325472
3.086947
4.918859
3.065148
3.520226
1.930698
4.166184
3.647655
3.145157
3.500317
2.373806
1.996860
2.769567
4.077487
2.869875
4.335547
4.076345
3.728768
4.783243
2.764150
3.713331
2.708755
2.928862
3.632424
4.559967
4.219151
2.771476
2.985409
3.779256
5.971632
2.805407
7.163919
7.895165
4.704510
3.722839
4.362296
2.293896
2.601963
3.471144
4.897733
2.716503
5.669090
3.372183
4.501581
3.441072
2.918151
4.022067
5.362513
2.623961
4.286936
4.315063
2.028264
4.149648
3.244947
3.147544
3.698531
2.692128
4.076082
7.810893
3.793377
2.822765
7.761638
3.175184
4.532302
4.829778
5.448289
8.767545
2.844692
2.857703
4.893123
3.270448
2.811716
4.340504
5.106766
7.956018
6.226640
2.905644
3.046100
4.138388
5.024171
9.493792
3.144212
3.466877
3.209203
3.036021
3.673059
1.872987
3.329605
3.528985
4.838527
2.424808
3.719230
2.738703
4.106205
5.276229
3.025698
7.712656
5.259936
7.028042
4.610446
2.167294
4.502843
3.035732
5.261576
3.682060
5.191349
4.807696
2.567172
2.527810
5.209918
4.500502
6.261398
3.443347
7.065186
5.992632
3.178819
2.790316
3.997721
3.625150
3.817637
3.716033
5.382034
2.139293
4.544059
2.351502
4.194703
2.413970
4.261423
3.135368
9.286781
3.117340
2.251222
3.038494
4.457923
2.366962
4.726861
2.843868
2.836671
4.072168
3.122510
2.942049
2.490251
3.477440
4.464988
3.930679
8.598974
3.671420
3.288744
3.028393
6.467651
3.944666
1.973208
4.043952
4.077819
3.126498
2.987822
2.640262
2.079535
1.857269
5.708457
3.502770
4.370830
4.771515
4.158906
3.573566
4.576817
3.973991
4.555660
2.913416
2.609102
3.532305
4.608796
5.138974
3.224249
4.522345
2.128016
3.477807
3.551122
3.833077
2.738163
4.595117
3.303885
3.459966
3.956446
3.833969
4.287027
5.478121
3.106256
5.691098
2.613870
3.531410
3.223750
3.229866
3.578724
5.583050
3.371757
7.322659
4.324360
2.592383
4.379400
4.038403
4.752685
3.357715
3.243365
3.235785
4.741487
5.360457
2.541717
4.076445
4.420846
4.438147
2.499340
3.316759
4.673200
2.631438
3.245062
2.060862
6.205405
4.298809
4.625761
3.990063
3.638887
2.799368
3.509686
2.583448
3.562201
4.177052
3.682953
2.992383
2.050253
5.322226
2.780356
3.919322
2.196754
3.110888
3.976979
3.579449
5.770523
6.931688
4.117531
2.722069
2.758705
4.045757
4.957243
3.327810
8.400517
4.564993
3.461939
4.155726
3.514858
4.586231
5.242832
2.590029
4.839851
3.279356
3.857337
2.007426
4.321598
3.057248
4.628065
6.185126
3.537852
4.045668
6.418405
7.177331
4.113465
5.786942
5.858513
2.721581
3.950714
3.160133
4.901832
3.671793
4.558516
3.747754
4.055771
3.637515
3.728799
5.163849
4.010236
5.159011
4.373679
5.162344
3.212826
4.867724
5.265629
5.086734
5.268100
3.673033
5.530005
3.839426
3.453899
5.136852
2.731070
7.507871
4.966723
4.539784
2.829474
2.531065
3.266139
2.434219
3.237303
2.121047
3.527050
2.288496
3.202593
3.205667
4.266868
4.969953
4.246747
5.586545
5.202216
2.641995
3.911507
6.727817
4.674720
5.412982
3.496075
2.750195
2.909903
4.293528
3.653116
3.491602
5.187582
3.552066
2.459368
3.501998
3.586112
3.685913
2.592430
3.794600
3.153939
1.272749
4.914959
3.737939
2.268505
6.578452
3.730535
2.800519
3.670206
3.942808
3.696000
5.820401
3.902784
4.430957
4.105197
2.520483
2.461465
2.972057
1.729540
3.658753
3.956777
2.599524
3.317186
3.922365
3.755049
3.464797
4.213722
3.490493
3.750989
3.627562
2.670019
3.458385
3.215201
6.542780
3.534359
6.162754
3.396884
3.148033
3.581005
3.343456
2.723868
7.087595
4.428082
3.824532
4.990744
3.321952
4.125721
3.471563
3.932110
4.624417
5.819853
3.161932
4.311368
5.027665
7.462024
2.949693
2.034342
3.811789
3.910960
3.772066
5.332830
3.855901
4.551853
4.160924
3.543644
10.809171
3.074828
3.500476
5.131819
3.998711
2.332159
3.072186
3.360773
1.930689
3.766040
4.444028
2.801212
2.700121
2.573168
6.127604
4.092346
4.650656
2.836855
2.184259
5.256567
3.251057
4.634880
2.976894
3.529419
4.066973
2.763821
4.025105
4.018450
3.601332
4.476174
5.881194
2.607731
3.603861
1.872109
6.207500
4.532948
3.120772
3.765469
3.342257
3.303433
3.077953
3.159256
4.725986
1.991254
4.644482
4.020997
4.797107
3.934203
4.253571
4.453347
3.279675
3.214380
2.762737
4.318977
3.523788
2.891793
5.321044
4.890281
3.909502
3.792483
4.047134
4.018282
3.433229
4.041085
3.342860
3.743699
2.981729
2.852770
2.323912
2.512033
3.872844
3.272946
1.919201
3.988683
6.044439
3.034931
2.988054
2.809690
9.676509
2.439392
3.514824
4.453785
2.750869
7.890680
3.635676
5.573925
2.908174
3.247813
5.478079
4.243009
2.857110
3.600372
6.559306
9.463695
4.043630
6.795877
4.744401
3.427646
4.899311
4.640267
4.402099
2.536446
1.669613
3.653291
6.563524
2.635131
4.128144
2.116361
2.979974
5.251616
1.933311
3.907248
5.170949
2.242621
6.383673
3.632823
2.601382
4.729975
3.874887
4.568254
3.742161
2.172963
5.981611
2.661201
4.035342
4.461542
2.983351
3.043222
6.655190
3.585825
4.397176
4.713680
4.226799
2.212008
3.882405
3.779457
3.215936
5.143823
5.006500
3.586992
3.881670
3.161467
5.175670
4.132360
2.670596
2.784402
3.216288
3.748224
3.640189
4.034101
2.815735
3.527192
4.880836
2.862055
3.531351
4.594358
3.512464
4.560413
3.896580
2.877447
3.648669
4.119997
13.316282
2.709546
4.191271
6.178597
10.485218
4.360176
4.250438
3.476222
3.704194
4.646330
2.277475
3.873509
3.954027
5.650614
3.275968
2.676482
5.270124
3.186705
3.579048
2.904711
4.546618
4.866412
4.442509
3.099816
8.529696
4.362230
4.070323
3.883799
3.812135
2.060478
3.792137
3.941658
5.474380
4.725788
3.743740
6.129312
2.135077
3.145191
3.311236
3.709706
2.756748
4.914540
2.874237
2.887096
3.170224
2.556925
3.622505
3.006109
4.860442
4.409741
3.982218
5.946772
4.063072
4.319425
4.839434
2.914914
4.169588
3.296687
3.092564
2.712492
4.581405
3.375191
3.326031
3.853493
4.190560
4.122087
1.782376
5.049709
4.834975
4.388324
3.833558
11.048375
4.775056
3.768970
4.816335
2.377886
3.596154
5.047816
4.116460
2.153028
4.802591
3.631542
4.387615
2.711634
4.082828
4.718602
3.768325
4.094769
5.244477
2.746778
3.889902
4.189287
3.420252
4.025762
3.453276
5.478568
5.220126
3.541520
8.394527
5.141162
2.822423
3.422150
4.332684
4.212119
4.137847
3.888337
7.759680
7.366146
3.456507
3.572845
3.422326
2.780699
3.832724
6.057200
5.656406
4.872385
3.448066
2.565787
3.738227
3.188838
3.196888
4.208365
4.874026
2.196235
3.651121
3.434047
2.988425
3.925296
2.266193
2.843233
3.023926
4.519431
2.426965
3.735337
3.047199
4.413072
3.063256
4.291717
1.794745
5.714891
2.540918
3.803093
4.620342
3.684798
3.290888
3.220456
2.863958
4.412572
3.539017
4.936284
3.660448
4.607984
2.023032
3.796971
4.903310
3.020727
4.900442
3.760418
4.217845
3.654487
4.066266
3.728472
3.109345
2.410501
4.819779
4.637496
4.081640
4.005898
3.583477
3.170283
2.985691
3.960756
3.654544
2.809154
1.976398
3.991126
3.898770
3.426745
3.983213
2.548135
3.556146
3.624044
2.881077
4.614539
3.049726
4.160891
2.847239
3.087228
5.384930
3.652297
5.012692
3.762210
9.667201
3.354366
4.184474
4.411097
3.601499
4.876935
6.309365
5.107352
8.404612
4.538937
5.889359
4.473331
1.814170
2.966360
2.873816
2.396140
3.091929
2.124487
2.841761
6.715231
5.770519
3.083982
3.580455
4.170690
4.520165
2.957778
4.302496
5.319092
4.548646
3.780443
4.406697
5.046041
3.127097
4.432169
9.746488
3.615016
5.355715
4.802516
2.346068
3.576351
7.251714
2.461798
2.783190
3.547493
3.967158
6.629193
4.263817
3.214364
2.815370
3.363972
5.374760
4.368600
4.812760
4.150662
2.886851
3.034923
3.970008
3.402933
3.289377
2.851145
3.015896
4.385000
4.538178
4.107405
5.361627
3.643737
4.277062
3.325717
4.401384
3.087608
5.525542
4.914790
3.854974
2.696964
3.693091
4.051532
3.799865
4.844658
2.567032
2.899798
5.422897
3.852453
4.118599
3.179485
9.536527
3.452838
3.129184
4.201062
2.494688
5.370856
3.951508
3.090000
4.735478
3.311296
4.321984
3.707494
6.443249
4.370522
3.282269
4.821801
2.696383
2.805383
3.369762
3.405379
2.371565
5.453959
5.153790
4.152338
6.144301
2.449162
3.215903
3.809563
2.577127
5.238560
4.022447
4.841558
4.051180
5.474427
4.297261
4.511114
2.689315
2.675691
2.186506
2.580986
3.139571
3.776816
4.741644
3.149620
4.276202
7.931486
3.142786
4.176180
4.890038
4.345004
3.312036
4.805015
2.509391
5.518619
2.167557
3.784368
3.272340
2.229471
4.841525
2.172702
4.160032
3.225793
7.184865
2.611146
4.215939
3.321536
4.246900
2.958609
3.760177
4.740262
3.050072
2.372842
3.568893
2.555790
2.914429
7.845389
3.575969
2.823882
3.167058
4.252715
4.342629
6.314988
5.791748
3.080173
5.161102
4.555354
2.776596
2.664423
3.036263
4.089074
2.683558
4.686603
2.267486
3.236731
3.664820
4.521005
2.889202
4.187841
4.272608
2.995083
3.773063
3.900212
4.806597
2.826722
4.843479
1.845719
4.784777
4.644068
3.535472
4.972933
3.420223
5.400414
4.703811
3.965983
3.315567
3.023707
2.643266
4.526859
2.504081
2.766949
2.612188
3.693911
3.615851
5.925243
3.226553
3.356170
3.468297
3.929753
7.051954
3.408336
3.532142
1.135118
3.421736
4.247062
3.689917
3.821435
3.604433
4.002174
3.112905
3.999702
3.101599
2.964877
3.879356
3.058981
4.076537
4.180236
3.407082
4.156758
5.271146
5.014296
2.106882
1.052469
1.366492
3.362541
12.953708
4.827436
3.842754
3.186257
4.909485
1.734991
8.660316
3.684586
4.348668
2.297613
1.980757
1.889345
5.173000
4.050248
3.325770
2.853186
3.481548
3.824254
3.152524
4.002941
5.080505
4.016828
4.136114
2.920433
3.377287
3.194710
2.947098
3.494195
2.664274
7.684701
3.569224
1.920622
5.865979
3.662006
2.639982
3.019376
5.164782
3.724693
3.083305
4.585513
5.734721
4.027341
2.167715
3.554229
5.741826
2.475565
3.177444
3.519440
3.466256
2.735451
4.931376
3.421753
4.504001
4.557560
2.566821
5.279562
3.981019
4.534829
4.508646
3.955589
4.262313
9.200100
2.396680
5.011346
3.777352
4.943240
4.600675
4.940130
3.500847
12.869082
6.284830
7.557168
3.326881
4.353343
3.233837
7.973935
2.686054
5.427709
4.728699
4.191429
3.156223
7.256092
4.022824
4.718823
4.011317
5.198682
3.183420
3.820903
4.471777
5.770741
3.061796
2.826399
6.724083
3.346978
5.470336
4.504866
4.456795
4.273932
9.482478
3.330297
3.624421
4.779292
3.291971
2.514841
4.191106
4.660033
11.346657
2.684042
3.173281
4.596119
5.780204
2.057962
6.116502
2.845889
4.045555
5.450869
4.177836
3.698670
7.382093
4.905860
3.795150
4.509398
2.571400
5.074580
3.253012
3.232437
5.800419
5.137008
3.010009
1.880578
4.616752
2.094471
2.324905
3.771599
3.447463
3.273734
3.648256
3.822197
4.707523
4.901625
4.060342
3.629364
3.429448
1.871197
9.210239
3.366123
3.062166
3.000564
3.278066
5.445021
3.112839
2.646444
3.245714
6.208817
3.328021
4.241957
5.354952
2.024549
6.515912
3.003324
3.250599
1.926403
2.935682
4.367761
4.695418
5.883129
3.692810
4.289787
4.386015
3.291391
3.574470
3.454617
3.027636
5.188711
4.457177
4.145041
5.290094
2.940236
3.961799
3.537264
7.291867
5.981573
3.287004
3.105193
1.805882
5.051129
3.799170
5.060816
4.038345
4.890589
3.724020
3.628154
2.988211
4.895414
3.537177
4.123733
2.252510
2.739550
3.493476
4.049249
6.047176
3.495047
2.124225
1.668019
3.197372
4.662312
4.566106
2.309684
4.395568
2.330241
3.594932
3.256048
6.786262
4.644099
4.426145
2.622705
3.849993
6.195616
3.175270
1.977428
5.943590
3.089020
3.806562
3.515195
3.793288
4.282660
2.934737
4.910391
2.648579
3.724576
4.763834
2.521072
3.943584
3.184313
3.020071
5.732955
4.856741
3.091148
2.248587
3.806907
5.446207
4.355769
4.302205
4.561138
4.730222
3.421872
2.804577
3.883061
3.748100
4.316073
3.627263
4.731660
5.333956
3.440135
2.978645
3.544965
2.662745
4.315056
2.625411
3.396161
2.976851
4.952981
5.591121
3.886880
4.077724
4.475343
3.022652
2.764097
3.439027
2.586165
4.582055
2.437015
3.001637
3.780900
5.569196
3.640270
3.359907
3.826226
3.797447
2.978925
4.235515
3.787674
2.713466
3.704258
3.201108
1.786348
2.659613
2.077082
2.533728
5.422147
3.662006
4.070965
3.973332
4.011694
2.588685
5.196536
5.338572
5.068027
4.125118
5.878621
3.766575
2.448063
2.645814
9.059372
3.120540
3.340467
4.717284
4.147949
3.244562
4.452610
2.033967
5.386446
5.393588
4.255021
4.889317
3.886926
8.121742
3.669816
2.813622
4.429804
3.458672
4.230306
4.813482
3.355008
5.607073
3.190643
5.418821
4.992556
3.138010
3.779948
2.970477
4.498409
2.560072
4.326393
3.301827
4.497577
4.003261
3.904424
2.898997
4.553062
4.396163
4.582173
5.482375
4.903087
3.412738
3.260858
2.651586
5.619590
3.718850
5.277267
2.701737
3.747860
3.790919
3.287507
3.782734
3.239702
3.344508
5.679832
4.294014
3.535310
2.952001
3.500763
3.678270
3.774730
3.301664
3.822768
4.510355
3.867768
4.302730
3.520209
3.719069
4.996398
4.047803
3.531008
3.195801
4.828882
2.174534
3.380138
3.091361
4.938916
3.278781
3.739292
4.058317
2.621922
2.919160
4.002502
3.351338
4.788679
5.809662
4.538484
3.512289
4.722346
2.299221
4.670828
3.292840
2.425306
3.811756
2.780096
3.861919
2.888516
4.168364
2.275664
2.338385
4.175628
3.280513
4.013342
4.641285
4.661485
3.283476
3.273710
4.495005
5.106386
2.988470
2.713183
3.662830
2.531299
2.834563
2.285136
3.628198
4.664112
4.862592
3.894182
6.179451
3.716453
2.140050
6.453094
3.158963
4.006599
4.672793
3.260557
4.339776
3.592011
4.919213
3.940337
4.162861
4.454326
4.926227
4.424479
5.826376
3.256188
2.939875
5.211934
2.901634
6.002115
1.879810
2.056286
3.641809
5.307926
7.220896
4.252660
2.340955
3.138062
2.885054
3.436035
3.029061
3.794412
2.274925
2.615095
3.933508
3.569587
3.317235
4.861167
1.649081
3.697268
4.394526
2.641978
5.718720
3.629348
5.140913
8.442823
4.876630
1.929462
3.398514
3.486822
2.280272
6.146449
3.202977
2.659901
5.055527
4.358275
5.203590
3.770946
2.831286
3.610479
5.330462
3.424728
4.878623
3.618116
2.241781
3.196412
2.368757
4.471773
4.066117
4.142754
1.722962
3.550830
3.546956
4.683500
2.828329
4.130646
3.523495
3.941059
3.136564
3.568481
4.133707
4.141069
4.828178
4.805048
5.191854
3.944201
4.740897
2.316053
3.993016
4.474679
4.404985
2.729049
3.805715
1.883421
3.808434
2.662416
4.210825
4.574875
4.013030
3.256740
3.939783
2.045424
8.115466
2.747286
4.114077
5.113945
4.575480
6.476208
2.206303
3.744251
4.557414
3.617141
2.939977
6.399966
5.956839
3.586587
4.774441
4.774437
6.132294
3.263034
3.824289
4.716352
2.550907
2.110752
3.173007
4.103825
4.155531
3.602097
4.188517
6.136703
3.733195
3.424356
3.518276
3.584778
6.046500
5.503345
3.744996
4.347180
4.375534
4.021825
5.088385
2.139298
4.701116
5.257938
4.854596
3.793457
2.713849
2.744901
2.563852
4.480505
3.432508
1.631135
8.751515
3.628184
4.889499
4.135656
2.399287
4.390227
3.826894
3.277922
3.858089
3.797021
5.268654
3.126890
4.330023
5.562200
3.714214
2.066343
3.892384
3.814551
4.250791
11.325776
4.940138
2.655200
3.256789
2.478510
3.070688
5.852233
2.655548
4.128275
5.736582
4.801354
3.905323
3.530414
3.680384
4.521410
3.417470
3.466783
2.401269
2.664218
4.260345
4.958291
2.100023
2.997051
3.917282
3.068582
2.928742
3.568724
3.574385
2.272812
5.907371
3.144444
3.188732
3.356748
5.371127
3.690646
4.559657
4.033559
1.542940
4.149123
3.513714
5.667492
4.299043
2.832936
4.230055
4.309009
2.801295
7.027403
3.767723
2.893827
7.501378
3.047421
3.681680
5.377911
3.215375
2.494514
4.255258
1.407303
2.684752
5.566227
3.775115
3.769138
3.192952
3.482666
6.315839
6.564767
3.891682
2.651983
4.650038
3.427289
3.024835
3.645653
3.875215
6.459609
6.867546
2.149324
4.367846
4.009627
3.284288
3.489620
4.944245
5.006899
2.443739
3.398898
3.539684
5.289182
4.934314
3.234277
3.072233
4.323383
3.465920
2.590755
4.006711
6.014635
4.332445
4.104673
3.622977
4.361977
3.880513
9.721088
3.970615
4.143115
11.817567
3.991651
4.045435
5.628306
4.280739
5.278010
2.848492
1.761410
3.252985
2.337014
1.685258
2.442583
3.156728
4.243494
3.833005
4.009381
1.967075
3.450098
2.822013
3.447696
2.617078
5.093675
4.237810
3.202396
4.139590
3.798693
3.271798
3.281077
7.202561
3.857807
4.348024
3.099101
3.696306
3.585662
3.743587
2.783861
2.932058
2.034584
3.937543
2.104331
3.013314
3.694379
4.480452
2.114573
2.840019
2.995218
4.152548
3.130452
2.728494
3.348050
4.528608
2.666920
2.512292
3.838701
2.611345
3.596380
5.719597
5.287848
4.282562
1.659754
5.127805
3.211509
3.779144
4.305426
3.535145
7.835690
3.119433
3.572505
3.729488
5.970997
2.789653
4.360922
4.739291
3.802940
4.500126
4.805850
2.550898
4.763504
3.882062
3.263034
4.506139
4.580250
3.359340
3.369682
2.227343
1.770476
3.536438
4.529941
2.998580
3.114078
5.781015
3.817712
7.741034
4.602519
4.719722
4.356203
5.557287
2.407048
3.976062
3.984374
3.384682
3.295324
2.991290
2.751918
3.921538
5.022177
5.628427
4.684854
2.516293
4.633989
4.532935
6.535779
3.986036
3.585185
3.920242
3.813860
3.278396
3.842624
2.502542
3.900388
4.115364
3.611179
4.037220
3.050636
3.042540
5.095669
4.084649
3.898978
3.774500
4.271915
5.271754
4.257218
4.155114
3.934168
3.032543
4.400194
5.585772
3.328975
4.305584
3.049473
6.472975
4.836795
3.706108
5.206087
3.192348
2.753997
4.393126
6.652184
2.147330
4.150484
10.701612
2.871306
4.958170
5.003841
3.065144
4.978525
6.358245
6.421872
5.077740
4.479629
4.338155
5.911120
2.297214
5.678328
4.027868
2.482734
5.631906
4.921846
4.960659
3.212901
6.785743
2.647159
2.650525
3.651391
4.107563
3.800064
1.985012
4.305429
4.666150
3.738085
4.165180
1.419206
5.864170
2.433069
2.122310
4.011970
3.878858
3.600425
5.419600
4.345420
2.431130
3.155054
4.083412
2.788063
3.240249
2.539869
2.560821
2.658673
2.976737
3.977111
3.415281
5.744740
4.335489
4.952423
5.375898
5.283651
3.259315
5.231686
2.973179
3.674048
3.759482
5.930537
3.360949
4.586990
2.118079
3.211407
1.984229
3.593853
4.593332
3.155749
3.060793
3.861691
4.594450
2.798278
2.782515
1.979710
4.145236
4.425705
3.702614
2.369253
3.960350
4.354036
3.271562
5.379595
3.979996
4.988378
4.014098
3.213484
2.823468
9.019597
2.993167
4.186338
4.713333
4.357615
3.295715
6.525356
4.550746
2.432551
4.735192
2.340643
2.420729
3.316729
4.404274
3.186990
6.517798
10.532188
4.684195
3.838692
3.149057
6.684406
4.235611
3.887220
6.566687
4.054318
3.075050
4.256485
5.789765
2.922812
3.871911
2.753551
6.171193
3.688794
3.540380
2.812552
3.961939
4.076429
5.009636
8.732526
4.561545
4.202432
2.937771
2.927690
4.662928
3.532450
4.463224
3.726014
4.948391
4.640914
3.620756
2.513570
3.354388
4.174677
3.322625
2.000605
5.321795
2.539413
8.052217
2.123247
2.298681
3.660537
2.455941
3.879165
4.667229
1.405658
5.206843
6.220755
2.322690
2.637844
2.429351
3.800431
4.543929
3.663371
3.750313
5.654700
3.384600
3.380757
6.003360
2.967598
4.154142
3.817598
2.785418
3.830427
8.483568
3.542311
4.859037
11.575366
5.258536
5.450438
2.373980
5.521075
3.010809
6.952737
9.782061
3.316717
3.251225
4.651513
4.313902
4.881201
2.905118
8.915063
4.525665
3.927599
4.276889
2.790719
4.735870
2.063453
4.117764
3.360581
3.170022
3.423190
4.119124
6.713251
4.011583
2.921182
3.788321
3.236644
3.063511
3.224078
1.752730
3.465265
3.755588
4.218849
7.177117
4.607532
3.973184
5.254083
3.951101
5.752507
5.111492
3.619665
3.709742
4.207696
3.684164
3.701975
7.388414
4.260111
2.798638
2.101632
4.736707
5.293053
2.868178
4.065881
4.070409
2.979928
2.783068
3.458821
3.284485
3.143144
3.021686
4.520171
3.306037
4.057951
4.116982
5.483523
2.851470
3.824396
2.159469
4.679376
3.043854
3.550182
4.876920
4.407581
3.298844
3.016961
3.833431
5.392709
3.262525
4.653126
3.379456
4.201695
3.775281
1.376825
4.710931
6.566030
3.007348
4.298092
1.844714
6.348832
4.893158
5.043266
2.895035
1.888335
5.500727
4.524127
2.668029
4.971118
2.710784
5.795437
7.422098
3.248329
1.804501
3.922718
4.611578
3.655787
4.050267
5.684942
2.570756
2.404503
2.599719
8.842538
3.316304
4.028649
5.782862
4.403249
3.942847
2.737265
4.053944
4.409105
5.286851
4.332745
3.492017
3.967332
5.566999
4.153093
4.204821
3.802316
3.194465
3.025211
4.327989
2.790535
3.506872
5.049940
4.339630
3.730746
3.998036
3.991883
3.914402
2.370666
5.136280
4.291511
4.075615
3.176298
9.321576
5.885168
2.485126
3.835759
4.064942
2.498517
4.849467
3.325319
3.165283
5.400463
4.032042
3.212178
3.630234
4.971494
3.748772
5.679356
3.942612
2.645269
3.783956
4.989061
5.799994
5.028140
10.588114
2.794386
3.673983
4.909765
3.253086
4.333612
4.553191
4.210601
2.741409
4.022120
4.795049
6.915271
4.610641
3.115800
5.532581
3.840991
3.969537
2.838576
1.893356
4.227084
2.975919
6.531607
4.526634
3.798185
3.639228
3.307746
3.445281
4.579988
4.746106
5.170796
5.270116
6.342426
3.255378
3.653980
4.474388
4.397221
4.234917
2.189536
4.758423
3.959690
4.962556
1.530602
3.736464
4.446528
4.028079
3.997464
3.554913
4.771518
2.642287
5.152143
2.932369
3.805558
5.112226
3.577137
3.151598
5.746402
5.740124
4.532079
3.474517
2.668653
2.872327
3.479223
3.420488
3.647760
2.630419
3.706571
2.344570
2.943467
4.486329
2.533429
3.020455
4.815704
2.605624
2.894912
4.363163
4.406102
4.801850
3.219150
3.420078
3.856188
4.787727
6.771578
4.564755
4.123827
3.196168
2.570705
9.149384
4.030333
4.573812
3.700854
4.190163
4.038836
4.929996
4.232645
4.054945
3.530987
3.216987
3.415382
4.623900
3.507795
4.418976
2.071395
5.056351
5.006724
4.660177
4.351304
4.004381
8.325556
4.641124
2.789192
4.617912
4.879749
2.540782
4.424257
3.020717
3.853327
3.079507
4.523061
3.489791
6.065843
3.594068
2.611335
6.270714
5.633471
4.550535
2.812406
3.401656
2.403278
4.286770
4.606432
1.838134
5.153090
4.405438
4.268154
2.601821
4.237520
3.508282
3.753026
2.873027
4.545784
4.908751
3.214330
9.844254
4.196930
2.056655
2.078200
5.298218
4.855684
3.104148
2.393202
3.752549
5.240366
4.880157
5.093821
3.261638
2.796874
4.717034
3.925771
2.454636
5.861749
6.146220
4.527322
4.726179
3.502103
3.168321
6.495211
5.293715
3.292124
2.921022
3.511759
3.975612
1.577484
4.727900
2.603675
4.095787
3.988626
2.462025
3.421048
3.152417
4.828710
3.961625
5.662311
6.106627
5.141445
6.040371
5.155567
4.575512
5.745832
5.644246
4.666818
4.878666
6.427022
2.931332
4.253435
2.065322
4.027889
4.231106
3.465585
4.138171
4.452148
3.647990
5.619911
3.591409
4.449271
3.762050
3.945621
1.893577
2.710998
3.448972
3.453840
3.854065
5.335917
6.590604
4.104515
5.606987
4.355070
4.318419
3.634920
3.762955
2.964510
4.865200
3.635806
3.260902
3.474753
6.597325
2.522624
2.351147
2.993823
2.109762
3.184711
3.367069
4.567317
5.724592
3.660949
2.430180
3.713197
2.565273
2.972878
4.073887
3.188810
3.247706
5.258088
3.897333
4.036213
3.636873
4.007208
3.607123
3.567248
4.734951
3.913971
4.235684
3.220765
2.687817
4.335217
5.085188
3.943863
2.719293
3.432813
4.666390
6.568207
4.659262
4.206719
4.326151
3.972844
2.402203
5.284508
4.615213
6.489991
5.129086
5.704160
2.789460
4.243186
2.118775
6.259240
3.786225
3.740994
4.314885
2.005454
7.753634
3.669787
2.847152
3.098247
3.933945
2.823778
3.960107
7.347960
5.436725
2.991594
5.038510
4.579355
3.546844
2.728218
4.192243
7.116118
4.645072
3.746963
3.288151
3.204133
4.046516
3.850054
3.507965
5.061292
2.810607
4.773877
3.459214
4.164179
2.999011
4.981573
1.859658
4.501266
4.567439
2.467228
2.909097
2.674507
3.471686
3.113643
5.147777
1.379178
3.089436
2.949728
5.957517
4.823740
4.852543
3.067926
4.404984
9.897364
2.794395
5.456439
2.705834
4.182363
3.050477
6.393371
4.251235
4.417337
5.253714
2.785927
3.565408
3.267306
2.683986
5.741251
6.975715
3.582947
7.679653
3.013669
5.495603
2.816495
4.536208
3.315092
2.455930
3.101821
4.962441
4.667165
3.558123
3.525010
3.965659
5.661566
3.305881
4.089938
3.822477
5.935054
2.343601
3.032686
3.330097
5.366970
8.589175
3.718127
3.077190
2.845831
3.645278
5.056099
3.010007
2.499537
4.975287
3.185790
4.803424
5.363034
2.394536
3.662462
2.911077
3.134083
4.566580
4.999400
4.362346
3.602966
3.239529
3.608269
4.511086
3.686680
6.406819
3.023041
6.597138
2.698635
2.861614
3.972962
3.679986
3.591199
4.200546
5.642505
4.004062
4.012799
3.674716
4.028686
3.488563
2.307849
4.162469
5.099480
2.535682
3.825732
4.633917
4.641952
2.909505
4.266873
3.506434
4.138663
3.250532
1.967237
4.800112
2.957417
2.719821
3.119103
12.249483
4.955434
11.069839
4.455908
4.294212
3.616249
5.365644
6.832918
3.660588
3.727041
3.754673
3.118671
4.099948
3.580207
3.552039
5.102567
3.832773
4.010331
3.929286
2.703600
3.885789
4.773129
4.863969
4.387029
3.333580
4.487448
4.018423
4.944829
3.008741
4.621306
2.574641
3.015365
3.454898
3.315359
3.600523
3.686875
4.908355
2.330334
3.429343
3.166888
3.880113
4.715057
4.304037
4.517554
3.815850
5.760727
4.662045
4.761736
3.497727
6.423428
2.856950
4.893890
2.935452
2.479092
2.284952
3.472822
3.628527
4.632511
4.873600
2.825124
4.740128
4.873087
2.164990
2.294833
3.663177
5.754798
0.974122
2.224402
4.048958
2.528767
4.286325
2.929682
7.168690
5.967079
3.249821
4.537967
3.324331
3.176952
3.360861
3.979495
1.858905
2.951597
3.969241
4.047481
4.216262
2.605631
2.207135
1.226479
4.517055
3.064378
4.229778
2.573589
4.137281
2.877707
3.738935
5.076699
3.328182
4.643539
4.939904
3.511817
6.400038
3.674628
2.719780
4.670719
2.602893
3.555682
4.797748
5.133425
3.827572
3.928366
5.674548
3.100112
0.977724
2.715232
1.817038
3.431897
3.921917
4.469013
3.179969
3.893593
5.163727
3.505024
2.790203
2.774708
3.779813
2.565401
2.656396
3.269845
3.248689
3.079633
5.307096
4.702084
3.994545
9.275672
4.369095
3.212118
4.011470
5.588188
2.102731
5.574939
1.249665
4.336427
3.335487
6.761136
7.949146
5.134202
3.437505
2.733390
4.022583
3.088993
2.894086
2.258140
7.817266
6.326234
5.023227
5.608396
3.533422
3.994664
4.349863
4.400290
2.815579
4.857460
3.930911
6.341676
2.647925
1.899818
2.594193
3.845943
4.511020
3.625246
3.211492
3.926339
4.241364
2.756657
3.552143
4.897855
4.496571
6.529130
4.133883
4.361543
3.129983
2.832809
3.787028
5.726904
4.180896
3.075916
3.803511
3.808881
3.732757
4.892578
2.766556
4.567609
3.897713
4.537086
7.804549
3.754573
3.848499
5.666130
3.925246
4.951975
3.315410
3.323287
5.028628
3.960218
1.847687
1.224187
5.506164
3.677377
6.018076
4.535201
4.771038
2.966443
4.627831
4.236949
3.709185
5.661100
4.073271
3.385377
2.678277
4.349245
6.615385
2.893449
3.574845
5.049642
8.807471
4.446649
4.725465
6.830208
2.834677
4.015328
7.356172
3.839718
4.320415
4.203753
2.841965
4.857714
4.643386
4.181822
3.843753
3.479405
4.953891
4.196918
2.654412
4.630689
3.907059
3.459042
4.102963
3.153668
2.482154
3.512382
3.552603
3.933641
3.758505
5.337245
3.786575
6.712014
2.883286
3.635387
4.416441
5.119846
5.592958
3.838060
2.749224
2.947069
3.615662
4.855901
4.142838
5.019287
4.372457
4.664578
3.180041
4.130760
1.877049
2.943830
3.476009
2.798457
2.016060
3.410043
2.885869
3.817431
2.559505
4.156014
2.897763
5.322024
5.008591
2.324215
2.714806
3.724223
5.136091
3.301037
6.165906
3.796450
2.590441
5.691647
4.852488
2.199221
2.414891
2.145757
2.300023
3.139507
3.590066
3.814035
4.195793
2.962252
3.673128
6.968344
2.877297
2.742291
4.388257
4.338004
7.493439
6.337342
3.340843
5.319824
3.925480
4.227597
3.175904
4.781608
3.554125
2.577318
1.772258
3.307483
6.187717
3.582808
3.356870
4.772078
2.675402
3.261786
4.906482
3.225216
3.109881
2.358756
4.417334
3.942688
3.387098
3.029928
2.739486
5.004299
3.560996
3.215343
3.590680
3.285060
4.422972
3.025126
4.244712
2.676404
3.970900
4.171891
3.672896
2.365449
4.094194
4.264234
4.420785
3.525569
3.880666
4.521441
5.199034
4.120097
4.706577
3.887199
2.456954
6.765736
3.373780
5.401464
2.650016
3.323653
3.056268
4.715756
2.352650
3.929007
3.464076
3.344030
4.981091
5.626076
2.758162
2.215954
3.367655
7.321462
2.881698
2.330885
3.953563
5.004807
4.228383
2.682485
3.990371
3.271209
3.480681
4.568574
4.676641
6.130489
2.535198
8.027729
3.996345
3.773531
3.162401
3.820690
3.165514
3.347687
3.525616
5.101546
10.386992
4.988525
3.904194
3.071600
2.769757
3.581048
4.352677
2.600914
5.463377
2.060183
3.337295
2.538299
2.747979
3.467860
4.886586
4.763390
3.889680
4.047491
4.803533
4.696941
3.011636
4.285724
4.627089
4.446642
4.010556
2.409276
4.820559
3.897288
2.750401
3.913486
3.780076
3.741515
11.081102
4.538687
4.079733
3.259021
6.194242
3.171075
7.524485
3.282869
5.488161
2.589566
6.195277
7.257796
3.296683
3.609873
3.526139
3.747982
3.036224
5.234184
3.464111
4.360089
3.233539
2.685485
4.337802
2.047229
4.051895
5.653512
4.751492
4.698026
2.774198
3.218229
4.487459
3.791816
2.980543
5.100685
3.578564
2.743092
4.141482
3.893658
5.914500
4.332639
3.689196
2.128312
2.941941
3.088879
2.489309
3.553277
3.340466
3.853822
3.231069
4.755280
4.531422
3.205506
4.088984
3.694351
4.107725
3.018669
3.574918
3.578163
3.237306
2.721978
2.265985
3.449348
2.995357
4.199582
6.115717
3.710267
4.333882
3.237483
1.928805
3.829105
2.639035
4.166085
2.743418
3.185977
3.174175
3.539047
4.173784
2.999434
4.117495
4.351294
4.406380
3.173618
3.157219
3.629986
3.072012
2.806046
2.418142
5.303013
4.372363
4.611114
3.397082
2.456322
4.839203
3.363550
3.443439
3.295960
2.926061
2.199023
4.953788
4.066145
2.666153
4.612693
2.683037
4.057822
3.226452
4.621182
3.371190
2.445707
4.261302
3.801250
3.472728
3.324853
6.700426
4.329644
4.205576
3.214493
4.765132
5.501622
3.354111
6.609619
3.943190
4.577682
7.962142
4.733712
2.595372
4.657753
3.315481
3.180967
5.657019
4.457833
2.929005
4.931964
7.306969
4.646322
3.388673
4.570452
2.432032
8.322993
2.395701
3.195608
9.194963
3.486970
3.685592
2.600101
5.282306
2.798911
2.513249
2.917592
4.502313
2.733083
2.499721
4.152089
4.933575
5.370824
3.150141
3.278116
2.192829
4.243990
3.776318
3.614647
2.651414
1.423676
3.503059
3.587744
4.481096
1.529129
2.893017
3.918544
4.149472
2.707938
5.688271
2.446598
3.583392
3.935459
5.039338
6.314377
3.174519
4.784537
4.124009
4.440185
3.990146
3.442840
5.400427
2.808215
6.180235
3.166581
3.299104
4.873651
6.368444
4.032060
3.796288
2.817225
6.701676
3.438330
3.962583
4.384156
4.526437
1.917011
6.047428
2.668362
2.674987
4.973162
3.824087
3.149504
3.954508
4.948844
6.074495
10.545131
6.765492
5.342330
5.491298
2.509665
3.633480
3.250850
4.100492
3.313021
4.115682
4.333147
3.260013
4.997733
2.968829
2.363576
3.218089
4.314453
3.366130
5.489280
5.047194
6.107192
5.988814
4.421632
3.804445
6.144148
3.824428
4.217681
4.025753
3.331028
3.628723
2.688460
3.724557
3.883148
3.069487
5.438300
4.034092
4.427461
2.584679
3.496017
3.416505
3.484053
4.509403
3.336184
3.892254
2.619810
3.896879
5.016051
4.763909
3.931307
4.673194
2.397401
3.159972
3.500505
3.274629
5.433872
2.994449
3.772585
4.354221
2.541364
3.455686
7.080452
3.067911
4.104802
3.358510
3.797971
2.781229
7.290948
3.630490
2.247074
3.871303
3.939198
2.184295
5.073378
2.317661
4.567980
5.038384
3.828831
2.640379
3.372250
3.935299
4.913464
3.556163
3.597336
3.136034
3.826752
3.008865
3.894558
2.592722
4.329617
4.439364
3.727775
4.514113
4.074457
5.363010
2.870479
2.976058
3.318098
3.235852
3.886384
3.506391
3.848749
3.930031
3.807098
3.975661
2.913925
2.781909
2.990752
3.552025
3.092525
3.757581
2.847026
3.516211
3.840169
4.897342
3.170841
3.725188
3.416234
2.922440
2.835957
3.545216
4.542973
8.402811
3.102681
5.664961
3.381267
2.945600
2.416320
2.412309
3.931249
4.538971
2.701059
4.550751
3.445541
3.335874
2.690656
5.795760
3.337216
3.601395
5.977286
5.250276
5.683119
5.289880
3.498972
4.317724
3.626273
5.551411
5.084630
3.234882
4.096788
3.090656
2.778600
4.070234
4.012297
3.632571
2.094368
3.258801
2.289940
3.756788
2.562724
3.083852
3.234533
4.665372
5.057184
5.219629
5.295998
3.009630
3.868322
2.812883
11.794808
4.168025
4.026231
4.265023
2.815427
3.791546
5.468897
2.780641
3.893291
3.571202
4.037395
4.357868
3.493373
2.424601
2.506187
4.844474
3.206489
2.817886
3.307939
4.561110
8.407953
4.406139
3.909733
3.967647
3.353448
3.161130
5.251871
4.974850
2.169530
3.232732
5.239738
4.065428
5.694803
2.154317
4.671782
2.071140
3.883302
5.117263
4.279280
2.698223
2.817816
4.990212
3.476404
4.551676
5.003195
2.941230
4.300970
2.458877
5.084506
2.278939
3.172123
4.609636
3.028975
3.248908
3.082070
9.658340
2.524097
3.718741
2.423110
2.617995
6.279022
4.976945
4.224488
4.111762
3.216271
5.086940
4.414622
3.379299
3.142162
2.659141
2.516643
4.010971
3.251840
4.648738
3.154053
3.646196
4.000226
2.511301
5.446590
4.189845
3.041321
3.635983
3.923439
5.141126
4.790686
5.385907
2.072648
4.736835
3.158286
4.072138
3.613367
5.583753
4.374469
3.572402
2.838745
3.010850
4.040300
3.560570
3.398376
3.448777
2.708945
3.593927
5.222043
4.581419
2.617841
3.802291
6.243172
4.382330
2.849949
5.242423
6.197145
2.778223
5.803698
5.573175
4.386008
1.296202
4.048738
4.655199
3.864536
3.065719
3.994515
2.038157
5.214170
6.682135
4.960091
3.624903
4.476573
3.719816
5.126348
2.072242
2.194238
2.986923
4.341012
2.255899
4.720369
2.268165
3.294166
4.569896
10.221715
4.494368
2.360178
3.568316
3.109255
4.285306
2.439048
4.395525
2.614542
3.591607
2.519851
3.771225
3.333376
4.177152
3.249540
2.760946
2.098395
4.247576
4.126054
4.336122
2.942257
3.332163
4.959539
3.211269
5.176336
3.014620
2.037383
4.348195
1.517163
3.772599
4.930771
3.706413
2.700258
3.272782
3.186124
4.919324
4.924494
4.356981
3.771363
3.431632
3.282761
3.917662
2.364521
3.869498
3.520489
3.431147
6.396119
3.879147
3.865572
3.678292
5.730458
3.472217
6.237687
2.950644
2.952844
2.505264
4.676101
6.074946
3.677439
2.652959
4.046480
3.474219
3.518825
3.455305
3.132179
5.621097
7.718366
4.754620
5.199837
2.906894
5.547091
4.182117
3.155592
3.544996
7.064929
2.982715
5.073482
4.380412
3.680666
3.594129
3.851544
3.297162
4.675669
6.785174
3.205479
2.656985
3.014836
4.485678
3.044669
4.183179
5.240255
6.781920
4.266205
3.128766
3.406234
2.183481
3.587445
4.140779
4.097586
2.355788
4.556178
3.724088
4.371411
2.979562
7.700886
1.820440
4.270526
4.996558
4.739579
3.352334
4.219175
2.641761
3.693010
7.058273
3.126078
2.463593
2.928361
4.937866
3.106070
2.930828
4.321791
3.749793
3.550936
3.708153
6.841490
7.537761
3.090752
8.422779
3.105672
4.097338
3.235191
3.253635
4.227491
5.291442
3.514939
4.048085
6.229582
2.685620
4.187850
3.607125
4.132601
4.085089
2.451317
3.712936
8.044185
5.457668
8.067392
5.086370
5.186304
3.433551
2.369639
5.195817
3.670980
10.164140
4.745538
2.789257
2.070873
2.012590
4.285348
3.563955
2.932909
4.422064
3.452916
3.986072
5.944631
2.393494
3.195522
4.056597
2.965620
2.950684
3.277224
2.786576
7.198348
2.146892
6.125647
6.177460
3.233608
3.268229
1.758481
2.969890
4.620946
4.062244
4.081870
5.874535
5.215591
2.873101
4.952859
3.027303
2.387022
3.491813
3.141714
4.451811
5.115698
4.921866
3.135110
3.512210
4.870111
5.195395
2.376499
4.358204
4.358864
3.043983
3.110935
4.308442
1.870744
3.202944
3.309485
4.581709
1.735857
3.948574
5.966773
2.658519
6.298884
3.580276
4.543456
3.387488
3.437027
2.069013
3.543718
5.195716
4.590147
3.575255
4.007043
2.972443
4.691939
4.877558
2.877442
3.737264
4.443383
2.457435
3.913264
2.290111
2.175798
2.800420
1.653865
4.254288
3.569328
5.027601
3.869103
3.403557
3.832716
5.517609
3.321194
2.586533
3.738243
3.559534
3.213514
2.105527
7.128240
4.661103
3.789410
8.758482
3.434906
2.661255
4.348579
4.469644
2.257157
3.402292
3.758953
3.908427
3.968435
4.647453
7.302133
3.498997
4.226297
2.860600
2.980482
1.992042
3.178737
3.604748
7.991025
6.152946
3.602047
3.956820
1.913067
2.896777
5.181996
3.618346
3.145585
3.567096
2.404759
4.035175
8.466092
5.418471
3.369478
5.183009
3.623903
3.405401
4.888076
2.465380
3.549106
2.815761
3.367605
4.216622
3.722740
5.898190
4.057386
4.424776
4.743722
5.215089
2.649985
5.898616
6.115567
3.825829
5.092543
4.186934
7.709137
3.663061
3.841523
4.524474
2.962661
5.085554
5.823419
2.139587
2.214592
3.379267
2.791040
5.179454
6.022340
3.069431
3.815076
5.478307
3.602947
4.648545
3.950287
4.962657
2.244042
4.333686
7.661293
3.334647
4.219769
2.597977
4.410265
5.239996
2.870651
3.367511
2.943291
4.055908
5.182460
4.798573
5.268399
4.136752
6.091338
2.295332
5.738050
3.378272
4.505200
6.530306
3.447930
5.335439
3.621465
3.073240
4.592642
5.444282
3.600664
2.672865
2.138837
2.652791
3.516509
3.898458
4.186038
4.122623
2.482181
3.597344
4.689332
4.697417
2.255594
5.239903
6.255284
4.790537
4.954372
6.575755
2.641420
6.917951
4.020838
4.753439
3.019133
4.501791
6.046261
3.938009
3.691040
4.652529
4.473935
3.598368
8.023759
4.703380
3.418229
4.818118
5.710615
3.169674
8.767605
2.246346
6.074203
3.996650
3.903929
4.768812
6.922431
5.829986
3.715117
3.065995
4.395625
4.863106
3.348821
3.952329
4.759353
5.674389
4.211745
6.310049
3.664006
6.439152
6.755907
2.953508
2.255476
2.190892
3.162342
2.857213
4.063643
4.015708
4.379572
2.762391
10.529644
6.168866
3.421813
3.612780
4.200694
2.844354
6.290363
5.666477
4.941055
4.115090
3.369310
4.270809
2.339930
3.567784
3.934112
4.831434
2.999576
5.413355
5.470577
6.025796
2.383746
4.978758
5.130371
2.740460
2.581530
3.458602
3.693210
2.649957
3.008233
3.287701
4.022630
3.295364
5.964640
3.892993
5.196712
4.682281
5.176330
5.685175
3.747724
3.463487
4.388061
3.279327
9.589105
2.735182
5.097507
2.612316
4.979746
6.200099
3.287482
3.937837
5.488239
4.415498
3.690138
3.368231
4.783138
4.760102
2.052242
3.378245
2.843856
1.596549
4.203382
3.833373
4.604638
6.148370
3.651337
4.110668
2.701002
4.275160
8.935187
5.968135
4.775993
5.544257
2.977340
7.438310
5.217001
3.497089
3.808929
3.585092
4.649874
4.338799
3.859297
2.584051
3.574267
3.205918
6.034441
5.463326
4.324214
7.224297
2.840261
3.641121
6.585568
2.575539
4.716620
7.163106
3.131286
5.849596
3.594241
3.794827
4.242675
3.791111
2.954475
5.801315
5.602639
2.597770
5.346391
2.623766
7.444496
3.864309
5.040298
4.618134
4.365074
2.364172
2.443192
2.760855
4.375144
3.934962
9.551541
3.031075
3.185546
2.039424
4.103062
2.590886
2.290699
4.454519
4.385250
3.126460
3.610941
3.132767
2.125339
7.023813
3.903950
4.696971
2.621390
4.339527
2.723549
4.964884
3.543138
3.129287
5.082896
4.958218
3.743841
3.567662
4.078567
4.698600
3.784360
5.676980
6.108328
3.226131
2.775856
3.067907
2.825711
3.212974
2.278701
3.920543
3.382173
6.827447
3.403817
2.896369
3.356546
2.543655
2.243814
4.253258
5.576739
4.495412
2.559787
4.689203
8.570713
3.482340
5.035249
3.508033
4.295222
4.546077
5.657722
4.576680
3.525909
4.946984
5.075047
3.999004
3.265738
3.401754
5.631205
5.255249
4.770692
3.822939
4.416512
4.631680
4.421528
4.528154
3.250554
5.324027
3.582051
4.432642
4.584199
3.846107
3.872827
2.868364
5.259485
4.453664
2.766529
4.402320
3.313050
5.880527
2.758649
3.772507
3.073721
2.258558
3.106915
2.486867
4.159633
10.293854
10.678753
4.832718
4.722333
3.896187
2.583149
3.818507
2.736882
3.329831
4.854141
1.464838
7.279377
9.905426
3.096462
4.875664
2.256663
4.153782
5.382218
4.263370
5.860900
5.087615
3.334134
2.387761
3.660512
4.438474
3.501508
4.118587
4.205939
5.239820
4.589880
6.313218
2.736114
2.344656
2.721339
4.262565
3.725391
2.894642
4.102178
3.789664
2.991271
3.885903
2.368737
3.332208
5.726854
4.568542
3.773566
2.552438
3.784160
1.746538
2.597525
3.476256
4.891244
3.605298
4.283562
2.745977
3.507708
4.908304
4.620625
3.472219
2.710232
3.395744
4.797483
2.545257
2.980253
3.751933
6.679758
2.210364
4.444426
4.850802
3.412854
5.193258
4.630502
2.899322
3.891114
4.840576
3.211205
2.918645
2.621478
2.404350
5.443058
3.464510
3.898736
3.832182
2.561761
4.003923
4.358160
3.367980
2.782988
5.913271
3.330284
3.159552
4.072526
4.592242
3.193428
3.968084
4.368222
3.889725
4.738216
4.137321
5.376884
1.988931
2.559241
3.840842
3.140047
4.108003
3.444524
5.833071
3.936604
6.010562
5.033884
4.407600
4.701390
6.010986
6.618146
2.872777
3.113545
5.253441
3.325847
5.774902
4.000987
3.359615
8.054308
2.717603
4.901700
4.327704
3.948469
3.267970
4.103365
1.554067
4.044164
3.442151
3.568282
4.689497
3.705782
3.098749
2.261030
3.205370
7.720070
3.093214
3.847262
4.486383
2.950989
3.783175
2.346270
4.755229
4.289270
4.253819
5.311179
3.376454
7.051407
2.508953
2.759256
4.639440
3.237427
3.952879
2.884485
2.005786
3.041245
3.230171
4.772877
4.671507
2.563134
4.435028
3.169008
3.058508
3.861210
3.305798
3.051526
3.472916
3.978727
4.355019
4.996412
3.483956
3.518280
3.995533
4.498758
4.496402
3.793816
4.037418
5.023637
3.859744
4.838892
4.243222
2.981943
2.804461
4.485337
5.181054
3.014810
6.597316
4.423700
5.162812
5.286444
4.019535
4.115430
6.694880
2.382739
4.366981
3.175432
2.946419
3.814327
3.914546
3.712480
3.516535
4.418633
3.317544
4.123298
2.559081
3.465341
2.556858
5.334736
2.562819
3.081331
2.791980
4.284366
2.810961
4.041489
2.481866
2.424896
9.236806
3.361578
6.650476
3.785305
3.808225
4.287738
5.017997
3.988575
3.884812
3.400027
4.183861
3.809808
4.690974
7.468393
5.074922
3.536944
3.553166
3.540815
5.776803
5.062729
2.731746
3.339951
4.945482
3.466914
4.876737
3.083617
3.891414
4.762426
4.981939
3.704564
5.597847
2.313333
9.957552
3.785884
4.555790
3.208670
5.195113
3.897464
4.541605
3.763583
4.024831
4.291134
4.056239
3.005401
4.020222
3.659497
3.635222
4.173089
2.857795
2.198425
3.084212
4.931674
6.108226
4.048818
2.817862
2.357737
3.387929
8.869442
2.656264
6.120646
3.311599
6.868537
3.962357
2.076976
3.789706
3.883043
8.972346
2.136500
4.708449
4.558685
5.202104
3.262148
3.823872
3.638073
2.473690
3.772940
4.499824
4.924820
3.752824
2.766095
4.631649
2.878519
1.937285
2.476593
4.659165
3.237410
4.549784
3.939501
4.324218
3.861616
5.291439
3.540695
3.020611
4.921475
8.220835
4.100569
4.346080
2.640603
5.088689
4.579481
4.426622
2.982248
4.578185
3.553347
5.369727
3.574010
5.753306
4.007843
4.252590
3.656249
4.935272
3.830058
4.567793
4.480315
3.066289
5.816739
2.305149
3.777555
4.795933
4.900023
3.793556
4.146708
2.925585
4.126107
4.282699
4.065971
4.179463
3.750406
2.347984
6.102024
3.459821
3.690817
3.142503
3.384305
6.143224
6.536284
3.824049
4.921965
4.651565
9.369095
4.222573
4.443709
5.701591
3.006865
3.289355
3.047294
3.805845
4.369848
4.973773
3.970706
5.752841
2.229677
5.366543
3.214048
4.033950
3.515570
2.532287
2.792126
2.191106
3.757318
4.400124
2.127003
2.558154
2.132385
2.623535
3.356092
5.833096
3.342112
4.571175
4.672705
3.408451
3.600615
3.126486
2.790736
3.108821
3.089802
4.688992
3.507286
2.437794
2.483329
4.311514
4.614997
2.749587
2.902929
5.228317
4.143421
4.952646
4.321462
2.776249
3.527300
3.660572
4.173562
2.523931
3.670019
5.126678
2.894221
7.278936
4.646916
3.247195
3.738559
3.117571
4.296930
3.078471
5.396645
3.060673
2.828303
3.117486
8.817235
3.464762
5.911702
2.902647
4.714362
2.937156
3.345347
2.097942
2.411226
5.544230
3.064926
5.308959
3.160698
3.311774
2.612083
2.812364
3.728935
3.352912
4.914977
2.822928
3.688411
3.678557
3.755210
2.923098
4.001882
4.052582
1.803669
3.324760
4.448926
4.780012
4.469650
4.429422
2.036774
2.592429
2.219019
2.933447
4.420625
2.250666
3.230566
3.501143
1.931764
4.186291
3.564145
3.277871
3.903993
3.223715
3.858086
4.473739
2.470279
7.285196
7.226555
2.341275
7.331435
4.111065
5.738039
5.335557
4.013494
3.364010
2.052760
4.279088
5.755906
3.548530
3.488233
6.033343
2.516728
2.918295
2.793384
2.770577
4.086321
2.946953
4.040905
4.917665
3.392059
3.036729
7.101648
1.915983
5.142214
3.264376
1.680815
3.247453
2.834877
2.922707
3.127242
5.779393
3.000498
3.826405
4.163200
3.022844
4.546455
5.279204
3.214631
2.527412
8.828654
2.801673
4.409272
2.719298
3.408747
4.359046
3.882370
3.733371
3.979361
4.171333
4.016006
3.170494
2.188677
3.776259
6.574689
3.295338
3.622015
4.294510
6.637661
6.703884
3.301165
5.595652
5.418994
4.904863
3.227822
4.446445
3.215981
6.509993
3.466405
5.062039
11.319613
2.122573
3.948614
4.732444
2.842381
6.543252
4.516507
2.538202
3.340018
2.517800
3.404789
3.952553
3.143199
4.343405
3.322804
4.067932
2.372700
3.060057
5.412802
6.542909
4.886871
3.026932
4.568395
4.021852
4.692259
3.007791
1.748553
4.479015
2.992227
1.903625
4.513982
3.559083
2.383130
3.549634
6.510118
4.402714
4.134213
3.849315
4.841073
4.888584
1.877278
1.935171
4.067162
9.094509
2.151176
2.672592
4.957880
3.132986
4.535819
3.912752
4.239474
3.543613
3.280089
2.884419
3.932951
3.842825
3.331841
2.536476
4.719710
4.508659
3.978060
4.186711
3.884536
3.826724
2.444331
6.128585
3.672725
1.350699
7.103463
1.854920
4.657060
6.385146
4.128625
8.037733
4.008547
6.166660
4.769083
4.442210
4.695989
3.572527
5.352829
3.458666
2.901042
3.782107
3.497505
3.652271
4.968802
3.029778
4.388343
4.621290
6.781542
5.641827
4.369648
3.756839
5.117923
3.224515
3.400802
3.654850
3.102245
3.336314
4.885454
4.439986
2.601261
3.974627
2.582033
6.745820
3.799394
3.409082
5.373125
2.614167
4.345986
5.115106
2.945997
3.507309
4.426481
2.447614
5.513217
3.961304
4.129828
4.124669
5.737857
2.947016
5.446855
3.778992
3.917988
2.651487
3.515678
5.548885
5.438872
4.426564
3.259087
3.267488
3.507559
3.445770
6.796009
3.837214
4.171502
6.296715
2.766095
3.767811
2.962866
3.956407
3.569177
3.259278
2.956408
3.735008
3.089130
3.619065
4.577479
2.699383
5.825567
4.231294
5.082284
5.107858
3.989117
3.125829
4.692486
8.260966
6.226033
2.108435
4.448339
4.822848
4.801413
7.142939
3.797135
4.647969
5.369688
4.755017
4.503644
3.241837
2.789440
2.264005
4.042827
2.542016
4.321642
2.343400
4.235449
3.825647
3.999066
3.369421
4.486438
4.834789
5.310761
4.894193
2.307424
9.420966
4.388307
2.767951
5.324398
5.010458
4.804432
4.731146
7.477544
3.452027
3.269202
7.346933
2.877981
10.671118
2.965902
3.286239
5.633293
3.317108
2.784526
3.555622
5.380382
3.577748
4.541911
3.330486
3.721759
3.810456
3.894522
2.890322
5.557384
4.454960
2.618793
5.475886
4.458050
3.273675
1.898501
4.240371
3.133423
5.984341
6.756501
3.734305
3.924218
10.475631
3.366966
4.628145
4.224156
4.599004
4.104656
2.218927
2.714318
3.943364
3.201476
4.207088
4.437923
5.055290
2.911196
3.267891
2.963479
5.757723
2.805879
6.380942
5.916478
2.423527
2.346920
5.761367
6.010218
2.533961
3.391640
4.429120
2.573652
4.156048
3.189915
3.839749
3.115262
2.248038
4.046380
6.153109
3.447544
3.294891
4.653854
3.328755
3.615997
2.554669
2.067484
3.617271
2.593512
3.214024
3.998876
3.920427
8.247200
5.700530
3.844204
3.738585
4.924153
3.678147
4.306713
3.934251
3.449107
2.887407
5.941779
4.493303
4.527411
3.884362
5.458150
3.076725
4.055575
4.009638
2.932683
3.107573
2.022199
3.818922
3.992407
4.142863
2.630053
6.486660
3.448465
5.685889
3.321709
4.374648
4.655718
3.098376
3.066457
3.125745
3.510934
3.881288
4.270805
6.165542
4.290134
3.706446
4.211001
3.569002
2.847378
3.336359
4.896610
3.573127
2.203656
2.547069
2.898225
4.317308
5.006963
3.781851
3.608609
3.874403
3.940256
5.354921
4.050076
2.903881
4.272836
4.803916
3.654609
4.784539
4.863256
4.028604
3.666451
3.993100
2.175406
2.756354
5.205249
4.275320
3.196488
1.323689
4.196740
4.545280
8.113478
5.126490
5.251156
3.158576
3.731890
9.192204
6.071146
3.473317
6.190226
3.246670
2.843727
2.062016
1.266445
4.545953
4.107581
4.793071
7.790558
3.508170
3.201135
4.221881
4.257874
5.025476
4.002628
2.686434
2.701042
5.885518
5.131191
4.026834
4.137566
5.553244
2.699659
4.069008
4.169291
6.804447
3.763986
4.841144
5.867298
3.738543
4.238315
4.242979
1.620905
1.756167
3.316223
1.679641
2.014102
2.738476
3.716230
3.059498
3.361196
3.096940
4.452312
4.048051
2.553839
4.264828
2.672748
7.256135
2.216223
4.854637
3.530799
4.007278
3.963249
6.680898
2.995625
4.580360
2.062951
3.125368
11.189891
4.911581
3.762433
3.437126
3.004339
3.879075
4.775432
3.388969
2.814384
5.931581
3.965730
3.456297
5.107862
1.484820
11.505445
5.455229
4.669818
5.041966
3.502831
2.890696
3.809912
3.530885
4.381670
5.014037
4.014272
4.711721
2.440260
4.777339
3.662952
3.756748
2.761063
2.746259
4.199351
4.667391
3.364938
2.949808
5.711389
3.177034
3.728930
3.959674
4.457905
2.624907
3.227098
4.912905
3.317136
4.066700
3.820404
4.611688
3.562484
2.127264
2.790380
2.818824
2.098878
4.007192
2.540276
5.167010
4.747087
2.410564
4.839411
2.547710
3.968213
2.485408
2.435750
2.411026
5.255682
3.513074
2.725248
3.997318
3.868833
2.667130
2.803351
10.034143
2.902784
4.202117
4.221666
4.772712
3.231269
7.380292
3.030207
2.943193
3.293168
4.442095
4.359561
2.988391
7.034356
6.821169
7.462911
4.997741
3.168645
3.345218
5.811428
3.697433
3.588856
4.871849
4.223822
3.440123
2.450585
5.362925
2.351556
9.980874
4.278207
3.954652
6.795162
4.215231
4.810462
4.167582
4.446723
4.615616
4.047061
2.645788
4.078668
2.531025
3.493181
3.120354
3.927835
3.670229
3.617602
4.237783
2.198926
3.593363
3.927683
4.200560
5.805836
5.347089
2.726485
3.287770
3.180973
4.665699
3.959360
4.494441
3.357572
3.452205
4.254562
2.377669
2.515270
5.722687
2.013649
3.360579
2.394140
5.205016
5.239000
4.233316
5.081583
5.193736
2.572790
3.539082
3.505465
3.238012
2.800827
7.324737
5.683659
5.125424
3.914181
2.346446
3.141849
2.563665
3.454974
4.571679
2.103185
6.207189
3.238778
2.863974
4.474741
2.153893
2.534065
7.585468
4.451414
3.249981
4.941460
3.806909
2.780651
3.392197
1.792876
6.037202
2.480887
3.135224
5.420040
3.729046
3.561714
3.742113
3.604768
3.958406
3.027625
3.545918
5.140530
4.523351
2.892982
2.879842
3.259107
5.387976
4.608303
5.879702
6.475863
5.560595
3.031443
5.495317
2.951360
2.912507
3.005671
4.708855
3.951696
3.786294
3.799745
2.720562
3.695395
5.398290
5.401516
3.190678
2.367196
2.388186
2.917017
3.564760
3.327015
5.921020
5.917202
8.813788
4.656362
3.636195
3.555968
4.120819
8.990228
4.132720
3.876081
4.079920
4.114918
2.978930
5.597633
4.588806
4.905437
2.781709
2.944791
3.642754
5.907823
3.033599
3.133662
4.524327
3.502423
3.007617
2.984883
3.000404
5.235440
4.919359
6.415558
4.707153
5.717957
1.785624
3.126268
4.341533
4.959012
9.939904
5.757730
2.061898
3.192415
2.087899
4.335353
7.162655
5.077191
3.676122
4.803988
3.503845
3.204892
4.081305
3.545617
4.089434
2.632998
4.305994
2.421762
3.249741
5.316655
2.962705
3.244124
3.756614
4.239439
1.946217
10.196926
3.153728
4.112866
4.316251
4.486033
3.277787
3.172388
5.452119
3.681590
4.612858
5.338790
3.196240
3.388179
2.718915
3.650078
4.020782
3.414412
4.049275
4.573580
3.149050
3.051008
3.658633
4.334671
3.644042
1.700514
2.958427
2.608480
2.668893
3.558250
4.140318
3.518705
4.871059
3.502051
2.487314
3.279553
2.956635
3.264566
3.110898
4.094863
4.440506
3.806393
4.837901
3.857734
3.380642
3.817071
4.684289
4.951149
4.605999
3.896396
3.675359
4.023308
3.711728
2.930870
4.032202
3.523100
5.156963
3.287832
2.015949
2.925072
4.114798
5.319860
2.947182
4.628599
5.429220
2.963472
3.073515
3.855894
6.404899
3.660751
4.463212
4.365396
3.701601
3.166584
3.042839
2.718265
7.270887
1.709389
2.161250
5.190896
3.989615
5.192791
5.272412
3.813326
4.932453
3.599386
5.070547
3.784336
3.740634
4.620509
3.007392
3.325876
2.827959
5.437915
3.812698
3.211921
3.757569
2.635490
3.435353
3.059870
4.173138
2.753206
5.645082
3.054550
3.882746
3.895169
2.889073
4.279671
2.933008
3.393356
3.789100
2.992882
2.624308
4.167261
3.589994
4.739605
3.020563
4.385140
3.158722
4.757620
2.962613
5.228597
3.700364
3.071486
4.664454
2.877105
3.056330
4.591250
3.252303
3.966737
5.855074
2.979982
3.805580
4.156045
4.947244
0.775265
2.778244
4.476547
3.639517
3.513962
3.296311
4.730630
3.942443
4.091043
3.679830
1.892071
2.483090
2.884246
2.309318
3.030312
2.313130
3.838222
5.690208
8.925468
4.305425
2.692714
2.618277
1.455805
3.910613
2.425463
2.077559
4.057977
3.266931
3.343780
4.707024
8.313581
4.018169
3.714743
3.377029
3.246241
3.942769
3.520624
3.984736
4.418777
3.814585
2.951662
2.235753
5.194042
3.857768
4.878782
6.170796
3.659032
4.032042
3.076780
4.295732
5.126939
11.039778
2.996971
3.750912
3.566111
2.494325
6.836075
6.078273
3.911621
3.014744
3.288734
4.010565
3.395764
5.651522
3.124891
3.566144
3.630655
2.652750
6.170378
1.867678
3.332175
2.835891
2.341728
4.059033
4.334172
6.208988
2.570912
3.554814
4.757546
3.293279
3.045558
4.304634
4.605110
5.094596
4.585692
4.613246
4.046382
3.224238
4.125394
3.402784
6.094131
3.007061
4.794327
4.330599
6.988585
2.770401
3.330076
3.436730
3.298680
4.061769
7.220309
3.828030
2.801811
4.497918
4.578154
7.152736
3.380392
5.668152
4.532153
4.022690
5.444376
3.892339
5.450193
4.125364
5.838078
3.227300
5.457622
3.185535
4.569760
2.696844
3.675682
3.696056
3.595201
2.466010
5.019646
4.268164
4.404090
2.623225
3.037291
4.387005
4.362174
4.207784
4.297882
2.473810
4.533600
4.132404
3.833322
2.710885
5.132258
4.961782
3.411031
3.692165
3.319989
6.219859
3.132525
2.969494
5.004920
3.216391
3.488485
4.034765
1.795644
3.737039
3.992718
3.199323
3.826350
2.738909
4.015954
2.554718
4.286155
3.208420
11.330726
3.938371
4.856286
4.571752
7.994720
2.807404
3.815683
6.396221
3.778481
2.416520
3.443752
4.473029
5.125614
3.776515
3.397241
3.305812
5.831289
4.611325
2.640755
5.247847
2.542097
2.812094
3.468506
4.495571
4.228389
5.365473
4.528413
5.332898
4.691609
4.398220
4.331205
3.198926
2.341365
4.670584
3.375146
9.490627
5.939247
8.325253
4.070400
3.000655
3.915695
3.290565
2.971691
3.821728
2.621983
3.272214
4.072318
4.518815
3.403529
5.938424
3.555337
1.908870
5.526846
3.915219
5.154817
1.871305
4.034253
5.068874
2.003289
11.068792
2.877176
2.961494
4.114093
2.921939
5.547297
1.967979
3.588652
3.857918
2.268720
3.250678
10.759376
4.010226
5.416889
5.477340
5.193686
2.399805
2.212621
3.690760
4.591864
4.699893
6.029984
3.418663
3.999834
5.297761
3.877356
3.803772
3.176973
3.031643
3.213393
2.691642
2.797970
6.540323
3.338002
4.142868
1.735648
3.893288
4.915103
5.142210
4.038223
4.033024
4.398623
2.891502
4.399383
4.196108
2.388154
5.171512
4.373073
1.995684
5.187880
4.771036
3.299047
3.212772
4.044261
4.308002
3.332101
4.871232
4.980445
3.083973
4.527591
3.401131
6.872107
2.884880
3.267055
5.178266
3.550650
3.612643
3.182671
2.096473
3.101652
3.756735
2.638845
4.643196
2.397155
1.616370
4.905423
4.257801
7.574163
2.679924
4.783024
3.066778
1.856280
4.241195
3.914506
4.037701
2.130624
2.212121
2.617064
5.549736
4.665774
4.802681
3.472018
5.230119
4.333481
3.376943
4.538449
3.587855
3.283614
4.598705
2.612117
3.656072
4.280421
1.657486
3.324991
3.303314
2.232767
4.136329
6.527565
2.713666
2.101483
4.636911
2.913272
5.371230
3.211565
2.713064
4.758566
4.084347
3.452741
3.864094
2.353089
1.669441
3.520056
3.510400
3.172479
1.958839
2.987417
3.179922
2.359431
3.454994
5.454758
4.227505
5.519199
3.069446
3.080629
4.132183
3.204237
4.670190
3.298207
4.097209
7.670045
3.836679
3.010603
4.977365
2.780343
5.257534
3.571622
3.644537
3.123155
4.750251
2.510070
3.888415
1.888125
6.925276
3.584169
4.627281
3.515823
5.626782
3.999469
4.300701
2.521914
4.538823
3.156929
3.283635
3.070317
3.594076
2.844925
2.218364
7.032891
4.803101
3.494378
2.826580
5.864459
6.040864
3.749796
3.697981
1.394141
2.869905
5.433797
3.990342
3.833368
2.312949
4.492698
4.393830
2.885605
3.789347
6.305981
2.757884
2.148642
2.775799
4.614613
3.670133
2.440166
3.374609
4.891482
3.559387
2.606800
6.438743
4.069499
4.191967
2.739213
4.956580
3.487844
4.427757
2.931085
3.786078
3.838708
5.317856
7.703212
3.750031
4.386636
6.817702
2.690912
6.629439
3.233267
2.530278
2.335153
6.181080
5.070002
2.333396
3.563556
2.613234
2.762969
3.820272
3.915196
3.476640
3.145121
4.174180
10.092945
3.126110
5.277672
1.990596
3.102213
2.379788
3.187849
4.020427
2.100932
2.967393
5.687014
3.400994
5.333569
4.116609
5.329692
4.085338
3.148376
5.726151
4.852028
2.996489
2.507192
3.612830
2.309892
2.713805
6.499995
2.909890
4.572206
5.727942
2.967436
4.373528
3.500667
3.571980
2.953889
3.826905
10.091214
4.057036
4.460537
3.273420
3.807929
4.576321
3.960293
3.612940
3.073499
2.790930
4.647280
4.222738
2.844336
3.846574
3.162277
2.979291
2.947859
3.033121
4.080579
3.227231
4.550278
2.722647
5.971803
2.724220
7.119591
3.581241
4.754705
4.420310
3.830961
2.047161
3.449375
2.769643
5.672900
3.709123
3.519809
2.469122
4.217447
2.562384
5.285537
2.661678
4.054203
1.706282
4.766250
3.828752
3.203801
6.032173
2.366077
3.132752
4.843955
5.880566
3.539806
2.863009
3.262615
3.522536
3.086330
3.269059
4.903942
3.478366
5.219682
6.784753
2.280754
3.413957
3.272649
3.531469
4.605379
3.911053
4.410962
3.060915
3.661638
2.389291
2.665900
5.085085
5.340740
4.413748
6.034861
3.114226
2.947758
3.766246
2.694181
3.954091
6.482838
4.012438
3.082476
10.273642
2.678847
2.506603
6.148552
6.172648
4.215570
3.053493
3.403288
3.568322
1.705076
4.685175
2.949188
7.160129
4.269112
4.405437
2.971606
3.842066
6.106744
2.437117
3.839916
2.880284
3.199985
2.227304
3.546228
3.002848
5.326063
3.261894
8.299103
2.267649
4.266846
2.866598
3.710371
3.200192
3.243034
3.445071
4.676271
1.586542
2.111894
3.912594
3.250862
4.525235
4.325403
3.355338
3.446209
4.196804
3.785409
2.251070
3.203689
2.977063
2.409246
3.970158
3.031639
7.235884
4.452257
6.193972
2.878325
5.183062
7.164989
3.415284
3.834415
3.627345
1.646854
3.629834
3.493568
3.699178
4.057816
2.839341
4.552736
3.664982
4.372602
2.692604
2.874393
4.689213
2.288096
5.543855
4.521900
4.549407
5.428982
4.833807
4.752425
3.849283
3.627012
3.908199
5.488174
3.016413
4.308502
3.707284
2.784347
4.234341
3.809382
3.527537
2.834515
8.204769
3.971263
3.319375
3.006414
4.396514
3.166121
5.902718
3.625135
4.971708
3.966691
2.888949
4.787398
3.891495
2.351883
2.180683
3.045618
4.584009
2.916908
4.842323
3.257813
3.624264
9.465964
4.597063
4.672660
6.739128
4.028728
4.963180
4.619383
4.202365
4.189187
4.919048
3.749793
4.785552
4.079258
2.736501
3.346375
3.632070
2.816896
3.864016
3.823099
3.059170
4.546593
4.620174
4.130946
3.498715
3.772976
3.134743
4.892197
3.065189
4.548048
1.970356
4.661085
4.004736
3.556318
5.105648
1.868444
5.215216
3.277455
2.828712
1.994914
3.949232
3.748919
8.174776
2.532285
4.354582
3.553167
4.180441
3.089409
5.700335
3.917175
6.268517
2.390693
3.215551
3.254674
5.215364
2.568715
4.948936
3.979609
3.924108
5.881667
2.928075
3.851324
3.565355
4.170697
5.296644
3.122863
3.435019
4.014136
1.727745
4.794537
4.609791
4.821163
4.269699
3.643129
4.144648
3.993940
4.080603
1.675573
3.915369
5.059745
2.685301
3.874826
4.517865
3.955105
2.789280
1.612404
5.650853
3.725944
7.603333
4.672594
3.665625
2.397644
4.291749
2.122828
2.806432
4.593188
3.826746
5.259153
4.646373
3.106002
1.170380
2.558068
3.900364
3.776992
3.183616
4.222216
9.560296
4.172756
2.381572
2.277607
4.590758
3.746968
5.387071
3.777065
2.350850
4.254761
3.477712
3.581361
4.790061
4.222644
5.566229
4.485811
4.466738
4.107210
3.905401
3.033678
3.932918
4.094828
4.457250
5.149669
4.191383
3.883305
4.107460
3.174503
1.769668
2.689773
3.553020
4.278311
3.103557
2.312026
6.967592
4.099893
6.125795
3.859543
3.216513
3.204083
6.506312
4.649473
3.141975
4.379813
4.465896
3.793200
3.244367
2.787132
2.841289
3.378066
2.720079
3.908543
4.677303
6.967412
2.517429
3.475687
2.820259
3.939508
3.360275
4.584296
1.379713
4.879517
3.357666
2.270124
2.361988
4.764289
4.565597
3.302918
2.921796
2.620375
3.420842
3.684519
4.969156
3.611340
3.275990
2.966241
4.803900
4.024006
3.579197
6.024340
5.535438
4.534823
2.683203
3.556619
4.595417
4.151861
4.577514
2.041537
4.552682
3.619570
5.880170
4.517082
6.396326
3.670348
4.076502
3.789355
3.642499
4.821609
5.124049
3.652480
2.808700
4.056527
4.475063
3.305235
4.109236
3.850657
4.335827
6.621874
4.581861
3.858013
2.433473
2.520933
6.111241
2.675541
3.325216
2.649366
4.009251
2.982476
3.420030
2.005668
5.420546
3.503729
2.076643
3.984635
5.218058
5.023002
2.823732
5.246844
7.186707
6.128037
4.905837
5.583220
3.042827
3.339879
4.521727
4.696351
3.504813
3.453971
3.023570
6.971961
3.260558
1.663225
3.281052
4.192479
3.113547
4.170975
4.144128
4.049969
3.803896
2.943851
3.045820
4.229525
4.460976
5.182703
4.223625
3.491418
4.562115
4.458773
1.900679
1.532084
3.686116
3.184192
5.651042
4.497601
3.612428
2.999393
2.873061
3.345611
4.029665
6.491972
6.131003
2.762964
4.722470
3.550262
2.169785
2.992622
3.877635
3.856424
3.677617
3.344338
2.862710
4.084587
2.920673
3.291717
3.268827
3.610642
3.562621
3.031867
2.908735
2.543652
3.945153
3.846272
3.629180
5.210101
4.007060
4.579010
4.446833
4.660583
5.340622
3.948959
4.754851
4.345269
3.654281
4.322925
4.411462
9.045923
2.462186
3.968272
5.210257
4.054428
4.225116
12.461658
4.304310
4.524533
7.295773
5.386240
5.592357
3.508726
4.126074
3.065854
3.360490
3.540902
1.719746
4.496217
4.555338
5.555899
8.521338
4.928272
3.463751
3.763399
5.823297
4.004189
2.846044
3.263813
4.290627
2.595265
3.336779
12.556419
4.274160
4.685901
5.178067
5.912974
5.908228
2.809140
2.682333
3.811478
2.185066
3.834920
3.278537
2.752025
3.598926
3.844714
2.836704
4.378494
3.619608
3.176957
6.129150
2.695489
3.119456
2.583217
4.050666
4.053265
3.866745
2.570889
2.477136
4.862255
2.864029
2.587793
4.821146
5.134130
2.317827
2.173272
5.944581
4.750184
5.409118
3.135253
3.452608
3.566984
3.910474
5.620105
4.518126
2.934145
3.607799
5.085634
3.303695
4.912814
3.867306
1.908143
2.836886
5.587843
3.080444
3.313933
3.569407
3.043359
4.795818
5.014349
4.499374
3.849435
3.659219
4.717650
4.240879
4.531682
5.728287
8.197773
4.340168
3.045636
5.289293
3.385311
4.345612
3.922391
4.185706
3.297623
4.610538
3.957582
3.176894
3.882973
3.742834
4.109455
4.449797
4.038988
3.281405
3.356297
2.558038
2.518205
2.668229
3.661773
4.726835
3.625551
6.002212
1.624004
4.272317
4.148435
6.287730
4.445065
8.139206
2.481545
3.053240
3.700436
3.423163
4.124465
3.693274
4.188015
4.358940
4.763925
1.993484
4.934650
3.411308
2.352362
4.379801
3.564993
2.815164
4.166914
2.458721
3.442592
4.968730
4.987993
3.448626
3.386937
9.848852
4.387254
3.761911
4.092119
3.776777
6.157569
3.937646
4.523024
3.892342
2.994253
2.082008
4.396468
4.591946
3.821450
3.480677
3.700710
3.208876
4.740160
3.070710
4.097809
5.065395
5.516687
7.412271
3.501928
2.563228
2.105190
10.586230
5.521562
3.852802
3.017361
5.665066
3.160057
6.219643
2.938246
3.705090
4.134694
3.089374
5.927193
5.107875
3.979524
3.466917
5.303035
3.075419
2.669622
3.916601
5.523116
2.271340
4.763293
4.012555
3.103552
3.559554
2.388037
2.958727
1.980439
3.916428
3.406676
6.757602
2.770161
4.324091
7.852615
4.738931
3.272118
3.610924
3.526145
3.381993
4.684364
2.712676
2.646585
3.872458
3.590125
4.698127
5.015979
4.024867
4.623478
3.949066
3.989009
3.142592
3.434783
5.230199
5.237157
2.691179
4.606322
2.560061
4.100646
2.804477
4.483160
6.838332
5.511311
4.848925
3.366847
2.485160
3.772597
4.595258
3.776551
2.566114
5.068105
3.083815
4.150896
3.803727
3.744820
2.682601
2.832039
3.075495
5.500627
2.863446
4.133771
3.845109
3.014318
3.730016
4.004456
3.874597
4.220071
4.512738
5.402002
5.317678
3.923719
5.010784
6.643215
2.009276
2.402209
4.479465
4.444283
3.305856
2.807899
2.731831
3.507310
2.937843
2.200615
3.901348
5.126615
3.744825
1.933918
4.615580
3.135751
2.231077
5.333913
2.258028
3.205562
1.991400
6.320118
4.822278
2.811614
3.356695
3.934553
6.514260
3.232371
4.435156
7.687860
5.070103
2.209908
2.842736
2.613261
3.983593
4.251021
2.898313
4.717480
6.256305
2.997562
3.079252
3.149755
6.007744
3.400769
6.451835
3.531979
4.777235
4.659292
3.201180
4.310830
4.106959
7.125264
3.824837
4.675040
3.123608
5.540835
3.013307
6.009492
3.148029
2.191581
4.327665
3.038679
3.447524
2.574197
2.958896
3.249295
3.973598
4.527792
4.558478
5.799511
2.775858
3.426108
4.792098
1.870525
5.936955
3.343894
4.854980
3.790669
4.164748
2.974424
2.484778
4.785323
6.856038
3.420023
4.019282
2.983407
4.360276
3.850694
3.605031
2.949183
5.084064
4.335993
2.883785
2.791040
5.093756
3.284376
4.483833
4.220379
4.548211
4.439241
1.988251
2.439649
4.468830
3.770639
4.779856
3.590198
5.336743
4.030410
2.359918
2.516519
4.367068
3.751236
4.395718
3.564668
4.157667
3.615870
3.939118
2.873277
3.829576
3.352137
3.459438
3.156689
3.998974
2.905331
2.673172
4.743188
10.334095
3.800845
5.808560
3.817579
4.155169
4.443081
5.848450
2.658299
3.925439
4.958766
1.913406
3.953603
3.610904
4.846522
4.872686
3.002064
2.932600
4.774508
2.712477
3.541137
6.128777
2.840936
3.929250
3.497761
3.401377
4.320587
4.678441
4.766663
3.520546
1.848478
3.643314
5.313043
5.217014
5.086376
3.311186
3.424958
2.310983
4.765090
2.477533
3.363073
3.103887
5.040296
3.578987
4.381044
4.103994
4.709205
4.441722
3.910943
4.421982
5.682148
2.928096
3.371813
3.436482
2.097864
5.118776
4.756316
2.756624
5.349216
6.122757
4.307011
2.258001
8.100262
7.683311
11.993644
3.774207
5.276314
2.595992
3.248830
3.187979
4.918032
2.385837
3.041987
4.920362
3.322869
11.127674
2.893617
4.080868
6.462707
3.042102
4.174161
2.971555
3.612025
5.516191
4.331758
2.658274
3.966043
4.180513
3.969142
5.777171
3.569517
7.077191
6.457354
4.778117
5.333829
9.730292
4.589504
3.068726
4.471981
2.919024
4.339515
4.292539
4.752233
2.408366
5.051743
4.366342
2.626996
4.101260
3.748116
4.176521
4.100548
4.917874
5.768973
3.085196
3.464942
2.347319
4.576790
2.992606
3.662517
3.414187
3.280497
4.538026
4.368721
5.711323
7.393306
3.700310
3.615129
2.862853
2.666024
4.934252
4.850923
4.773411
5.107308
2.907228
3.629351
3.168421
4.672376
2.804872
4.308277
3.517711
5.847426
3.248702
3.462527
3.192679
3.170721
3.736237
4.265693
3.353363
3.846609
3.848167
4.777837
5.275995
3.860947
2.667236
4.548716
4.223027
5.002339
4.286098
5.230538
3.907152
4.789087
5.119079
4.939520
2.442619
4.624024
3.880759
3.989055
3.880859
2.613214
2.847637
4.380465
4.158859
4.366006
7.155331
3.647233
5.278404
2.868236
3.928365
3.550398
2.892561
2.909824
3.856002
4.171050
3.189771
2.957606
2.482479
5.683601
4.577615
4.164366
3.477584
6.388363
2.902565
2.811972
4.139846
2.839975
4.479486
4.198322
3.897588
5.082518
3.160132
6.228819
2.819071
4.824762
3.313761
5.665723
3.538424
3.208246
3.164240
3.196824
4.659708
3.303451
4.548716
3.562416
1.858227
4.255586
3.242918
5.075162
2.978548
4.770250
4.293055
4.591627
3.548859
6.121321
2.427076
1.972121
3.587655
3.046477
2.657825
5.136220
3.064828
3.837451
4.035426
2.846614
3.664171
3.597710
4.796055
3.981884
5.496593
2.970702
3.399368
4.796747
2.918898
3.001438
2.338901
5.997234
6.755396
2.703396
5.843966
3.720531
3.077341
3.606354
4.850902
3.489753
13.256614
3.627493
3.635229
4.886512
6.487053
9.396921
2.986901
3.063133
3.208370
4.389835
2.911786
4.271706
2.589376
3.099838
3.476290
4.068027
4.583584
2.791156
2.861957
4.675942
2.351201
3.997483
2.251810
5.146550
3.014746
2.586058
3.551265
4.616215
9.624877
4.664059
3.894689
3.851977
3.568199
2.870243
3.121450
2.289660
1.703928
2.817504
3.614173
3.293231
3.373219
2.331328
4.706613
3.472705
3.683183
5.692371
5.401811
2.187180
3.514220
3.706944
3.555240
4.952522
3.256560
3.799668
2.759573
3.691491
4.666785
2.835929
3.288421
2.709425
2.634366
5.911860
2.842913
3.520842
3.380982
3.827517
3.525249
4.346783
3.983857
4.980327
3.628797
4.629972
3.545861
3.710923
3.907787
5.399881
2.724582
3.239660
2.110652
8.003208
3.143744
3.787279
4.379803
4.446033
3.029183
3.919482
5.340438
5.193460
4.293303
3.707482
3.227175
2.416655
4.391798
2.830584
2.954803
5.964015
2.667431
2.663905
10.433209
5.089313
2.822555
4.492470
3.944284
3.008759
2.906178
4.277411
2.482444
3.162831
5.479179
3.673889
4.178617
3.106688
4.156098
3.628889
3.625716
2.864248
2.242102
3.328364
2.308807
3.926342
3.639183
3.568575
5.449227
4.954417
3.921579
3.727385
10.387024
3.977423
8.685322
4.651558
3.718901
3.682292
1.996449
5.205530
2.714618
4.601161
6.808599
5.752699
4.394649
3.051589
3.736687
2.728014
4.411254
6.876826
3.448818
2.898996
3.467262
3.609707
2.327859
4.505234
2.006261
7.205614
3.958658
3.687449
2.476547
4.583140
4.383163
4.754491
3.471695
3.589612
4.733879
2.835608
3.976905
8.521780
5.856155
3.369903
4.381526
3.363617
1.885303
4.268827
3.863231
3.496799
3.080667
7.944286
3.942009
2.134943
4.305588
2.675355
3.672423
2.310381
3.274717
2.349305
1.790292
2.678862
3.919748
4.679128
5.898620
3.151547
2.361577
4.048044
5.425572
3.540036
3.977933
3.867093
3.654566
1.235908
4.264166
6.426348
9.143907
3.543466
5.421158
4.350863
3.608797
5.004528
6.779658
1.929618
3.382347
4.493841
4.076039
3.914333
2.743621
2.354464
2.274897
4.183936
2.903506
2.883659
5.219213
3.037579
3.078759
2.957632
2.564011
2.617403
6.951981
3.019464
2.137911
4.153382
1.405829
2.066828
5.959037
3.657471
3.475387
3.234164
3.027421
2.810658
3.076215
3.034094
5.049351
4.140017
2.842293
4.880024
2.171912
5.641801
5.249389
4.517321
3.627195
2.968211
5.314129
4.342641
3.182057
6.813232
2.531124
5.565519
2.417306
2.699905
3.389100
4.146208
3.772368
4.275100
5.134679
3.737305
4.175049
2.355663
4.159221
2.235136
3.827455
5.274926
3.765274
3.609123
4.773102
4.460686
4.838658
2.826885
3.331864
2.883983
3.893672
3.512429
4.088982
3.791846
2.430222
3.599746
2.993340
3.500502
5.819529
5.502550
9.061499
2.845964
3.750021
3.969248
3.276449
7.367861
4.758035
5.323120
3.494649
3.776848
5.306423
3.298175
2.225952
3.081353
3.668734
4.908649
5.043974
4.179256
2.966696
4.345219
4.762845
5.084468
3.447050
3.561427
8.477385
3.675832
3.673129
4.502988
5.679653
3.322267
3.400803
2.806869
4.470054
1.866984
4.962720
4.137159
3.174177
4.752924
3.168581
2.363518
5.169897
3.900237
5.389112
2.881325
2.953471
4.632693
3.979308
3.644251
3.442702
5.542866
4.690717
4.618690
3.661744
2.701453
3.896036
4.188177
2.011007
8.466370
3.641068
4.480403
2.392331
2.556435
3.425887
3.685778
5.645915
3.641009
4.017871
4.149721
1.888624
3.432252
3.891824
2.998875
1.942147
5.496709
4.094280
2.072035
3.101528
4.531547
3.627939
4.297614
2.193186
3.951629
3.250659
6.758671
4.324619
3.241451
2.188957
2.933785
5.302719
3.813112
2.912607
3.487343
4.902335
2.489509
2.823912
3.620119
2.930798
7.495859
3.215333
5.265254
4.252416
6.375072
1.678395
3.952486
2.932667
4.057105
3.663668
4.233319
10.030216
1.849948
4.408661
6.244734
5.703317
5.628484
3.937997
5.259525
4.820338
2.750097
4.432173
5.085360
4.531044
3.010740
3.847307
2.644290
3.686491
5.834102
5.307500
3.909077
4.346018
6.739598
4.037991
2.858110
4.285987
3.522820
4.500464
3.312816
5.165863
4.720761
3.546986
5.054409
2.675559
2.934711
3.039549
2.901908
3.589981
4.286993
3.982521
2.870414
12.784050
3.311788
4.523977
2.182802
4.620519
2.953949
2.708170
4.131595
1.897729
2.825307
5.084105
2.281196
2.840646
5.284561
3.702633
4.589313
3.518987
2.759858
4.337186
2.926212
9.230224
4.380439
4.996011
2.900264
5.383208
3.041840
3.238335
2.307555
2.729147
3.786990
1.902766
3.961797
4.312713
3.466559
5.386021
3.877473
4.845368
5.041797
4.445464
3.912254
4.288435
3.790298
5.925287
5.317118
2.969460
3.469706
2.992596
4.830224
5.122447
2.935359
3.359426
2.933629
3.058023
4.934791
3.035201
4.517760
2.464272
4.670805
3.236626
4.861619
4.740752
3.396520
4.201476
6.864205
4.965510
4.194643
3.773607
3.727494
11.163033
4.988791
2.904465
1.947075
3.771590
4.099670
3.647949
4.038367
4.094984
10.204574
5.034111
7.051830
3.536935
3.982417
3.256802
4.876262
1.290908
5.506501
3.962082
3.576353
2.393979
3.032750
3.750848
3.835778
3.095726
2.881380
7.436656
3.293614
3.188452
3.577805
3.118974
2.803855
4.676201
5.568573
1.909915
4.661033
3.509250
6.452230
3.537119
4.080754
3.502493
4.075149
4.283526
4.143532
2.983017
3.506053
4.349928
2.446289
2.960743
4.784368
7.040646
2.641912
3.762635
3.113292
3.371232
4.777922
7.837438
3.003948
4.110602
4.095713
4.620189
5.950048
4.949058
3.406209
3.119435
3.463573
2.845250
4.774445
3.245899
3.095304
2.922536
9.867052
3.292025
3.813473
5.668740
11.786155
4.344316
2.746703
4.795089
3.764008
3.492828
5.426126
3.663633
4.198969
5.030776
5.199436
3.646147
3.405230
2.297742
1.438782
2.755050
2.373048
2.528916
2.330982
4.512136
2.435900
3.081441
3.777143
3.494226
5.016633
4.226577
3.823452
3.706172
4.645815
2.941526
3.381180
4.043639
3.118472
3.952138
4.496433
3.800300
4.690642
2.814511
9.985094
2.642246
4.655904
3.855028
4.581525
3.197494
3.692245
4.172452
3.473166
3.776813
1.599235
3.152656
5.919384
2.940584
3.059005
4.999844
4.426523
5.972841
2.522662
5.449211
12.714132
3.772287
3.068171
3.999478
2.841516
4.055111
2.756656
3.511344
3.389258
4.221774
5.702189
1.785552
4.003535
2.985591
3.984938
3.815988
2.279091
4.282814
2.987644
5.743473
3.311565
4.662365
9.282468
4.209876
4.555340
3.571170
4.530615
2.027923
4.107007
2.505543
5.153596
1.937437
4.159626
3.557642
3.408044
2.353785
4.238236
4.260561
4.061260
3.713429
5.917902
3.443676
3.630330
3.207886
4.426218
4.549069
5.483331
4.628064
4.262148
3.232317
5.607001
4.131228
3.056964
2.436156
5.165605
3.803285
2.833075
5.831903
3.726369
4.681296
4.505952
4.241257
3.989840
4.130916
5.656702
3.729542
3.762490
3.317899
3.174886
3.881193
16.353104
3.548219
3.379303
3.015474
5.518678
2.869288
4.810091
4.341017
5.454893
3.634768
3.430133
2.444736
3.460902
3.534530
3.268474
5.657842
3.752559
3.124693
3.574233
5.857882
3.537018
4.073566
2.330474
5.669197
3.634929
4.327282
3.103892
3.482289
1.482832
4.151316
2.828859
6.408272
5.464972
3.540668
3.305518
3.631691
3.720679
3.849206
2.816154
4.018829
2.268336
2.610767
3.498101
4.642788
3.608036
3.356092
5.281761
4.813869
3.430734
4.287911
5.212526
4.008555
3.297082
5.832674
4.427325
4.850122
4.763916
4.617847
1.876605
3.556418
3.787823
2.413005
3.062395
3.044511
3.745749
5.839524
2.881907
3.862180
5.744885
4.814283
4.056148
3.041965
3.868460
3.224400
4.211079
4.820343
4.131624
4.805521
4.539000
3.235156
2.714366
4.079895
6.040066
3.767542
2.953277
3.417874
2.922761
2.833049
2.913065
4.274208
2.663075
3.427731
4.705505
3.113477
3.427808
3.864789
4.176906
5.143941
3.215719
3.193392
5.393779
3.016012
2.815498
2.472731
4.434484
4.003665
4.724037
3.022036
2.500318
3.296350
4.359269
7.767460
5.078545
2.297661
2.889620
7.202485
2.518421
2.627877
4.598089
4.385326
4.897513
4.380075
3.727567
4.043702
4.095284
3.910361
4.079494
4.920193
4.944570
2.697905
5.257339
3.544495
2.673030
4.584280
2.222014
2.809408
3.823684
4.182036
5.318851
5.332767
4.403900
2.682209
3.001780
3.634869
5.155451
2.720817
7.309560
2.759242
1.973989
5.540712
5.127899
4.354043
3.174615
2.788995
3.260242
3.263510
3.781269
3.215436
3.905435
3.880345
5.254514
5.986264
4.175879
4.651279
6.696195
8.335401
3.342218
3.389091
6.477754
4.995403
2.894023
4.996884
2.920392
2.240688
2.059226
3.421092
3.562384
3.090258
3.953164
4.383493
3.760686
3.209725
3.921235
3.602570
4.859332
2.982414
3.658376
2.802280
3.644577
5.530163
5.637999
2.656954
4.917579
4.869230
4.892982
6.888456
5.262061
2.484943
2.556135
3.848131
2.825144
3.744145
9.172516
4.154866
3.242962
4.942729
2.981074
4.041739
8.048385
4.573878
4.145440
3.647395
4.584226
3.000850
3.353632
3.219497
3.350299
3.875723
4.059238
4.660560
3.173730
3.624954
5.527012
3.208157
2.079194
3.384216
5.047313
1.909600
5.465313
1.866416
4.778574
3.265048
2.500508
1.768758
5.565473
5.046111
5.021135
6.360586
2.452220
3.892787
4.664417
3.907846
4.417469
1.923283
5.875677
3.439738
5.519893
5.648670
6.703762
2.837206
3.826906
6.961627
3.888710
2.204152
4.558531
3.862218
3.958343
3.917731
3.523492
5.358235
3.977397
4.064116
5.660707
4.709818
2.898902
9.570482
3.291832
4.633439
6.339655
1.850917
9.559197
1.842623
4.139446
3.719765
2.593130
3.187737
2.115443
3.311380
3.202490
3.009951
3.243327
4.109989
3.914179
5.321633
4.680598
3.995010
4.457921
5.508509
3.770200
2.316814
3.287915
4.436501
9.027117
4.828205
2.761959
4.991290
9.672873
4.610167
4.141607
3.487355
3.763695
3.641118
5.157416
3.469482
6.595556
3.180893
3.197781
3.838634
1.435063
2.402086
5.016973
2.934549
4.254073
1.994452
2.451543
3.055928
7.971880
5.076373
3.243544
4.182859
4.375951
4.015746
7.027620
3.817558
4.553731
5.239882
3.055238
5.039311
4.274679
3.064161
2.717196
3.845296
4.742524
5.205578
3.319139
5.137671
4.541990
3.745354
4.961596
4.210202
3.439648
5.504071
4.072598
2.892678
4.758512
3.542711
2.967139
2.776253
3.750350
1.758968
4.217478
4.179152
4.789101
3.431880
2.732715
3.908613
4.172841
4.518941
5.269766
5.777674
3.326724
6.945621
3.416528
3.028194
2.972418
1.946239
5.752679
4.470495
4.440062
4.595930
4.212185
6.377364
3.645376
3.041260
5.027688
5.243674
5.045680
2.153488
3.839125
4.243795
1.428448
1.832905
4.916487
3.857533
4.004745
4.243722
6.031469
4.741267
2.852769
5.131353
5.722286
5.402452
2.919227
4.043712
4.843964
2.099772
4.321625
3.572264
3.808069
4.166845
5.999103
4.366048
3.977968
6.640871
2.452976
2.787286
5.533987
6.287594
3.578847
8.855178
3.518951
4.923826
3.108790
4.874277
3.428219
2.744032
4.350846
4.086753
2.640932
4.476870
4.669766
4.736811
3.011547
4.789985
4.002017
3.356749
2.767252
4.203372
5.176673
3.344097
3.158017
4.797008
7.164642
3.489313
3.325298
2.542046
3.034807
4.675449
3.226426
4.150393
3.444537
3.218416
3.812016
2.844563
6.798356
3.848917
3.829176
5.017290
3.458638
6.351282
4.395764
3.320581
3.276484
6.173052
4.598248
2.785811
4.804694
4.999399
5.061896
2.848099
5.343645
5.579133
4.233017
3.177162
3.832811
4.303490
3.479792
4.961037
3.738370
5.246023
4.045194
2.929562
5.743100
1.764442
4.819865
5.326362
3.306204
6.442212
4.936925
5.707103
4.068302
2.642051
3.338959
2.732341
2.542793
3.588416
4.469646
4.840599
3.338048
5.954817
4.878867
7.372731
3.589033
2.167952
4.243134
1.909587
4.374620
4.261213
4.180235
4.513483
2.408410
3.386158
7.747247
11.879990
2.760349
3.366194
5.544018
4.331716
5.279213
3.228675
3.134152
3.725659
7.186346
5.753063
6.135004
7.561441
3.284459
3.481246
2.936884
4.189632
3.611135
3.920552
3.448116
2.849731
2.508875
3.544363
2.567698
3.998747
2.830269
2.552680
2.624922
4.145724
3.847615
5.163468
4.342848
4.308161
2.517621
2.806094
2.434950
4.624307
3.970835
5.592620
4.904806
4.229808
4.169822
3.031223
3.317116
6.651530
1.516284
2.938401
3.811238
3.341177
3.245793
3.046465
3.443028
4.288634
6.188881
3.128593
2.471480
2.401845
3.451884
4.940557
3.315268
4.316815
3.212129
4.197829
4.405477
3.007213
3.201375
2.657541
2.618539
4.400971
4.545457
2.894793
2.572138
1.956631
3.713083
5.045059
5.003055
3.902729
3.259864
4.175693
3.788578
4.786287
3.927534
1.787275
4.364691
3.248697
4.688704
3.749502
4.211763
3.745644
8.332479
2.227301
2.973745
3.645044
3.570209
3.393727
5.200497
3.937512
3.663700
3.528996
4.666097
3.475832
4.218144
2.933849
2.455226
5.033741
4.483769
2.750696
3.432211
6.090324
3.219874
3.698914
4.907001
4.897831
4.385333
6.177073
3.401097
3.492798
4.517220
3.123417
2.749792
4.424747
3.424077
2.683824
5.005247
4.782857
7.281066
4.487653
2.625299
4.630767
3.173077
5.568513
2.446767
2.996564
4.940001
3.994211
5.124885
3.254728
2.892648
1.864503
5.765434
2.405767
3.412664
2.679166
3.604405
4.438667
3.837341
3.162808
5.117561
5.521481
3.464859
2.603479
3.982869
4.708717
2.595263
4.079431
3.903128
3.345599
5.908225
3.841755
4.113901
4.032034
3.350710
4.315633
4.698470
3.912647
2.669156
3.125952
3.167647
4.198820
1.957414
2.405858
3.835646
4.649525
2.969303
6.423968
3.598297
5.221937
5.627908
2.682362
6.569101
3.671046
4.065304
3.838857
3.099648
3.133126
2.637325
3.108303
8.083752
3.128883
7.601759
3.589064
